"item" "roi" "syll_len" "word_lex" "word_complex" "word_freq" "type_freq" "word_bifreq" "type_bifreq" "word_len" "PB" "IC" "SC"
"1" 1 1 2 "नए" 0 148 365 NA NA 2 1 0 2
"2" 1 2 2 "साल" 0 396 436 10 10 3 1 0 1
"3" 1 3 1 "का" 0 5500 25348 18 80 2 1 0 2
"4" 1 4 3 "जश्न" 0.5 14 12 4 5 4 1 1 1
"5" 1 5 3 "मनाने" 0.5 21 74 2 6 5 5 0 1
"6" 1 6 1 "के" 0.5 18820 25348 5 9 2 5 0 2
"7" 1 7 2 "लिए" 1 2612 2527 2346 1 3 5 0 1
"8" 1 8 2 "गोवा" 0 29 29 2 2 4 8 0 1
"9" 1 9 1 "में" 1 12692 25348 6 9 3 8 0 1
"10" 1 10 4 "समंदर" 0.5 2 2 1 NA 5 10 0 1
"11" 1 11 1 "के" 0.5 18820 25348 1 2 2 10 0 2
"12" 1 12 3 "किनारे" 1.5 27 29 17 17 6 10 1 1
"13" 1 13 4 "सैलानियों" 2 11 16 1 1 9 13 0 1
"14" 1 14 1 "का" 0 5500 25348 2 6 2 13 0 2
"15" 1 15 3 "सैलाब" 0.5 1 1 1 1 5 13 1 1
"16" 1 16 3 "उमड़ा" 0 1 4 1 1 4 16 20 0
"17" 1 17 1 "है" 0.5 10733 14482 1 1 2 16 0 0
"18" 1 18 1 "।" 0 19415 18846 6561 8730 1 16 0 0
"19" 2 1 2 "कई" 0 447 449 NA NA 2 1 0 2
"20" 2 2 3 "जगहों" 0.5 19 120 3 7 5 1 0 1
"21" 2 3 2 "पर" 0 5002 7193 14 2 2 1 0 1
"22" 2 4 2 "लोगों" 0.5 767 1172 8 28 5 4 0 1
"23" 2 5 1 "ने" 0.5 6947 12697 110 27 2 4 0 1
"24" 2 6 4 "मिलकर" 1 53 938 5 28 5 6 0 1
"25" 2 7 2 "पूजा" 0.5 45 45 NA NA 4 9 0 1
"26" 2 8 1 "भी" 0 3079 3081 1 1 2 9 0 1
"27" 2 9 1 "की" 0 11321 25348 25 NA 2 9 13 0
"28" 2 10 1 "।" 0 19415 18846 284 13 1 9 0 0
"29" 3 1 3 "मुंबई" 1 196 196 NA NA 5 1 0 1
"30" 3 2 1 "में" 1 12692 25348 40 33 3 1 0 1
"31" 3 3 2 "लोगों" 0.5 767 1172 18 149 5 3 0 1
"32" 3 4 1 "ने" 0.5 6947 12697 110 27 2 3 0 1
"33" 3 5 2 "लाखों" 0.5 21 245 1 2 5 5 0 1
"34" 3 6 1 "के" 0.5 18820 25348 1 16 2 5 0 2
"35" 3 7 2 "जाम" 0 36 36 1 1 3 5 1 1
"36" 3 8 4 "छलकाए" 0 1 1 1 1 5 8 10 0
"37" 3 9 1 "।" 0 19415 18846 1 1 1 8 0 0
"38" 4 1 4 "सनीचर" 0 NA NA NA NA 5 1 0 1
"39" 4 2 1 "की" 0 11321 25348 NA NA 2 1 0 2
"40" 4 3 2 "रात" 0 177 182 32 33 3 1 1 1
"41" 4 4 3 "बारह" 0 11 11 1 1 4 4 0 1
"42" 4 5 2 "बजे" 0.5 163 111 3 3 3 4 0 1
"43" 4 6 2 "घड़ी" 0 7 5 1 NA 3 6 0 1
"44" 4 7 1 "की" 0 11321 25348 2 NA 2 6 0 2
"45" 4 8 3 "सुईयों" 1 1 2 1 1 6 6 1 1
"46" 4 9 1 "के" 0.5 18820 25348 1 2 2 6 0 2
"47" 4 10 3 "मिलने" 1.5 168 938 4 7 5 10 11 1
"48" 4 11 1 "के" 0.5 18820 25348 47 52 2 10 0 2
"49" 4 12 2 "साथ" 0 1188 1190 757 21 3 10 0 1
"50" 4 13 1 "ही" 0 1862 1863 283 282 2 10 0 1
"51" 4 14 2 "एक" 0 2107 2116 23 23 2 14 0 1
"52" 4 15 2 "और" 0 5122 5122 37 37 2 14 0 1
"53" 4 16 2 "नए" 0 148 365 7 11 2 14 0 2
"54" 4 17 2 "साल" 0 396 436 10 10 3 14 1 1
"55" 4 18 1 "की" 0 11321 25348 26 80 2 14 0 2
"56" 4 19 4 "शुरुआत" 1 54 54 39 40 6 20 1 1
"57" 4 20 1 "हो" 0 1646 14482 NA NA 2 20 9 0
"58" 4 21 2 "गई" 0 1045 7560 179 NA 2 20 0 0
"59" 4 22 1 "।" 0 19415 18846 298 1871 1 20 0 0
"60" 5 1 3 "जिसको" 1 4 1184 NA NA 5 1 0 1
"61" 5 2 3 "समूची" 0.5 3 12 NA 1 5 2 0 2
"62" 5 3 3 "दुनिया" 1.5 115 114 1 NA 6 2 0 1
"63" 5 4 1 "में" 1 12692 25348 22 49 3 2 0 1
"64" 5 5 2 "लोगों" 0.5 767 1172 18 149 5 5 0 1
"65" 5 6 1 "ने" 0.5 6947 12697 110 27 2 5 0 1
"66" 5 7 5 "आतिशबाजी" 1 1 2 1 NA 8 7 0 1
"67" 5 8 1 "के" 0.5 18820 25348 1 NA 2 7 0 2
"68" 5 9 2 "साथ" 0 1188 1190 757 21 3 7 0 1
"69" 5 10 3 "सलाम" 0 3 3 NA NA 4 11 0 1
"70" 5 11 2 "किया" 1 1984 9800 NA 2 4 11 24 0
"71" 5 12 1 "।" 0 19415 18846 309 1049 1 11 0 0
"72" 6 1 2 "कई" 0 447 449 NA NA 2 1 0 2
"73" 6 2 5 "परेशानियों" 2 5 30 NA NA 10 1 0 1
"74" 6 3 1 "से" 0.5 7203 25348 NA 11 2 1 0 1
"75" 6 4 2 "भरे" 0.5 22 233 4 NA 3 4 0 1
"76" 6 5 2 "साल" 0 396 436 NA NA 3 5 2 1
"77" 6 6 4 "2005" 0 3 3 NA NA 4 6 0 1
"78" 6 7 1 "को" 0 8766 25348 1 1 2 6 0 1
"79" 6 8 2 "विदा" 1 5 5 2 NA 4 9 0 1
"80" 6 9 3 "करने" 0.5 1730 9800 1 2 4 9 2 1
"81" 6 10 1 "के" 0.5 18820 25348 530 650 2 9 0 2
"82" 6 11 2 "बाद" 0 1294 1294 861 2 3 9 0 1
"83" 6 12 2 "लोग" 0 400 1172 2 3 3 12 0 1
"84" 6 13 3 "जश्न" 0.5 14 12 2 2 4 13 0 1
"85" 6 14 3 "मनाने" 0.5 21 74 2 6 5 14 0 1
"86" 6 15 1 "में" 1 12692 25348 3 9 3 14 0 1
"87" 6 16 4 "मशगूल" 0.5 4 4 4 NA 5 17 0 1
"88" 6 17 1 "हो" 0 1646 14482 1 1 2 17 13 0
"89" 6 18 2 "गए" 0 960 7560 151 NA 2 17 0 0
"90" 6 19 1 "।" 0 19415 18846 268 1871 1 17 0 0
"91" 7 1 6 "एक-दूसरे" 1 NA NA NA NA 8 1 0 1
"92" 7 2 1 "को" 0 8766 25348 NA NA 2 1 0 1
"93" 7 3 6 "मुबारकबाद" 0.5 1 1 NA NA 9 3 0 1
"94" 7 4 2 "देने" 1 480 3918 NA 1 4 4 1 1
"95" 7 5 1 "के" 0.5 18820 25348 143 182 2 4 0 2
"96" 7 6 2 "लिए" 1 2612 2527 2346 1 3 4 0 1
"97" 7 7 4 "टेलीफोन" 0.5 26 27 1 1 7 7 0 1
"98" 7 8 1 "की" 0 11321 25348 1 1 2 7 0 2
"99" 7 9 2 "घंटी" 0.5 3 7 3 4 4 7 1 1
"100" 7 10 4 "लगातार" 0 95 95 1 1 6 10 0 1
"101" 7 11 3 "बजती" 0 2 66 1 1 4 11 7 0
"102" 7 12 2 "रही" 0 848 3304 1 2 3 11 0 0
"103" 7 13 1 "।" 0 19415 18846 47 327 1 11 0 0
"104" 8 1 4 "राजधानी" 0 113 115 NA NA 7 1 0 1
"105" 8 2 2 "दिल्ली" 2.5 505 507 9 10 6 2 0 1
"106" 8 3 1 "में" 1 12692 25348 112 64 3 2 0 1
"107" 8 4 3 "जवान" 0 62 132 NA 41 4 4 0 1
"108" 8 5 2 "लोगो" 0 6 1172 NA NA 4 4 0 1
"109" 8 6 1 "ने" 0.5 6947 12697 2 27 2 4 0 1
"110" 8 7 4 "जमकर" 0 63 59 7 5 4 7 0 1
"111" 8 8 2 "पार्टी" 2 667 718 1 1 6 9 0 1
"112" 8 9 1 "की" 0 11321 25348 63 238 2 9 10 0
"113" 8 10 1 "।" 0 19415 18846 284 13 1 9 0 0
"114" 9 1 2 "इस" 0 3071 8126 NA NA 2 1 0 2
"115" 9 2 2 "मौके" 0.5 115 177 55 56 4 1 0 1
"116" 9 3 2 "पर" 0 5002 7193 106 1 2 1 0 1
"117" 9 4 4 "उन्होंने" 1.5 1693 6262 57 111 8 4 0 1
"118" 9 5 3 "फिल्मी" 1.5 10 135 1 8 6 5 0 1
"119" 9 6 2 "गानों" 0.5 3 14 1 NA 5 5 0 1
"120" 9 7 1 "की" 0 11321 25348 2 5 2 5 0 2
"121" 9 8 2 "धुनों" 1 1 5 1 2 5 5 1 1
"122" 9 9 2 "पर" 0 5002 7193 1 NA 2 5 0 1
"123" 9 10 3 "ठुमके" 1 2 2 1 NA 5 11 0 1
"124" 9 11 3 "लगाए" 0 75 595 1 2 4 11 16 0
"125" 9 12 1 "।" 0 19415 18846 4 44 1 11 0 0
"126" 10 1 3 "सिडनी" 1 4 4 NA NA 5 1 0 1
"127" 10 2 1 "से" 0.5 7203 25348 1 NA 2 1 0 1
"128" 10 3 3 "लेकर" 0.5 449 1763 58 3 4 1 1 1
"129" 10 4 4 "हांगकांग" 1 3 3 1 1 8 4 0 1
"130" 10 5 2 "तक" 0 1014 1015 1 1 2 4 0 1
"131" 10 6 2 "लोगों" 0.5 767 1172 2 3 5 6 0 1
"132" 10 7 1 "ने" 0.5 6947 12697 110 27 2 6 0 1
"133" 10 8 3 "जश्न" 0.5 14 12 1 NA 4 8 0 1
"134" 10 9 4 "मनाकर" 0 1 74 1 6 5 9 0 1
"135" 10 10 2 "नए" 0 148 365 1 1 2 10 0 1
"136" 10 11 2 "साल" 0 396 436 10 10 3 10 0 1
"137" 10 12 1 "को" 0 8766 25348 NA 80 2 10 0 1
"138" 10 13 3 "सलाम" 0 3 3 2 NA 4 14 0 1
"139" 10 14 2 "किया" 1 1984 9800 NA 2 4 14 22 0
"140" 10 15 1 "।" 0 19415 18846 309 1049 1 14 0 0
"141" 11 1 2 "चीन" 0 76 77 NA NA 3 1 0 1
"142" 11 2 1 "की" 0 11321 25348 5 23 2 1 0 2
"143" 11 3 4 "राजधानी" 0 113 115 26 27 7 1 1 1
"144" 11 4 3 "बीजिंग" 1.5 2 2 1 1 6 4 0 1
"145" 11 5 1 "में" 1 12692 25348 1 NA 3 4 0 1
"146" 11 6 2 "ठीक" 0 109 109 3 4 3 6 0 2
"147" 11 7 3 "बारह" 0 11 11 1 1 4 6 0 1
"148" 11 8 2 "बजे" 0.5 163 111 3 3 3 6 0 1
"149" 11 9 3 "108" 0 NA NA NA NA 3 9 0 1
"150" 11 10 2 "बार" 0 334 334 NA NA 3 9 0 2
"151" 11 11 3 "घंटियां" 2 1 7 1 1 7 9 0 1
"152" 11 12 2 "और" 0 5122 5122 1 1 2 12 0 2
"153" 11 13 2 "ढोल" 0 2 3 1 1 3 13 0 1
"154" 11 14 3 "बजाए" 0 9 14 1 1 4 14 1 0
"155" 11 15 2 "गए" 0 960 7560 1 1 2 14 0 0
"156" 11 16 1 "जो" 0 414 8126 4 23 2 16 1 1
"157" 11 17 2 "नए" 0 148 365 1 19 2 17 0 2
"158" 11 18 2 "साल" 0 396 436 10 10 3 17 0 1
"159" 11 19 1 "की" 0 11321 25348 26 80 2 17 0 2
"160" 11 20 4 "शुरुआत" 1 54 54 39 40 6 17 1 1
"161" 11 21 1 "का" 0 5500 25348 1 1 2 17 0 2
"162" 11 22 3 "इशारा" 0 20 33 3 12 5 17 1 1
"163" 11 23 1 "था" 0 1470 3255 NA NA 2 23 6 0
"164" 11 24 1 "।" 0 19415 18846 895 2058 1 23 0 0
"165" 12 1 3 "भारत" 0 950 951 NA NA 4 1 0 1
"166" 12 2 1 "के" 0.5 18820 25348 157 211 2 1 0 2
"167" 12 3 2 "बड़े" 1 77 170 2 6 4 1 0 2
"168" 12 4 3 "शहरों" 0.5 40 176 NA NA 5 1 2 1
"169" 12 5 1 "में" 1 12692 25348 22 39 3 1 0 1
"170" 12 6 1 "भी" 0 3079 3081 232 189 2 1 0 1
"171" 12 7 3 "जश्न" 0.5 14 12 1 1 4 7 0 1
"172" 12 8 1 "का" 0 5500 25348 2 3 2 7 0 2
"173" 12 9 3 "माहौल" 0 56 56 19 24 5 7 1 1
"174" 12 10 1 "था" 0 1470 3255 1 1 2 10 5 0
"175" 12 11 1 "।" 0 19415 18846 895 2058 1 10 0 0
"176" 13 1 3 "दिल्ली," 2.5 NA NA NA NA 7 1 0 1
"177" 13 2 5 "कोलकाता," 0 NA NA NA NA 8 2 0 1
"178" 13 3 3 "मुंबई" 1 196 196 NA NA 5 3 0 1
"179" 13 4 3 "समेत" 0.5 160 160 2 2 4 4 3 2
"180" 13 5 2 "कई" 0 447 449 24 24 2 5 0 2
"181" 13 6 2 "बड़े" 1 77 170 1 4 4 5 0 2
"182" 13 7 3 "शहरों" 0.5 40 176 NA NA 5 5 1 1
"183" 13 8 1 "में" 1 12692 25348 22 39 3 5 0 1
"184" 13 9 2 "लोगों" 0.5 767 1172 18 149 5 9 0 1
"185" 13 10 1 "ने" 0.5 6947 12697 110 27 2 9 0 1
"186" 13 11 3 "पटाखे" 0.5 5 5 1 NA 5 11 0 1
"187" 13 12 4 "छुड़ाकर" 0.5 2 5 1 1 6 12 0 1
"188" 13 13 2 "नए" 0 148 365 1 1 2 13 0 1
"189" 13 14 2 "साल" 0 396 436 10 10 3 13 0 1
"190" 13 15 1 "को" 0 8766 25348 NA 80 2 13 0 1
"191" 13 16 3 "सलाम" 0 3 3 2 NA 4 17 0 1
"192" 13 17 2 "किया" 1 1984 9800 NA 2 4 17 22 0
"193" 13 18 1 "।" 0 19415 18846 309 1049 1 17 0 0
"194" 14 1 3 "भारत" 0 950 951 NA NA 4 1 0 1
"195" 14 2 1 "ने" 0.5 6947 12697 61 96 2 1 0 1
"196" 14 3 4 "सनीचर" 0 NA NA NA NA 5 3 0 1
"197" 14 4 1 "को" 0 8766 25348 NA NA 2 3 0 1
"198" 14 5 2 "खेला" 0.5 3 109 1 10 4 5 1 1
"199" 14 6 2 "गया" 0 1961 7560 1 2 3 5 0 1
"200" 14 7 3 "पहला" 0 39 260 1 1 4 7 0 2
"201" 14 8 2 "एक" 0 2107 2116 1 1 2 7 0 2
"202" 14 9 4 "दिवसीय" 1 43 43 11 11 6 7 0 2
"203" 14 10 2 "मैच" 0.5 78 89 3 4 3 7 2 1
"204" 14 11 2 "87" 0 1 1 NA NA 2 11 0 1
"205" 14 12 2 "रनों" 0.5 12 48 NA NA 4 11 0 1
"206" 14 13 1 "से" 0.5 7203 25348 6 16 2 11 0 1
"207" 14 14 2 "जीता" 0 6 82 1 11 4 14 24 0
"208" 14 15 1 "था" 0 1470 3255 1 5 2 14 0 0
"209" 14 16 1 "।" 0 19415 18846 895 2058 1 14 0 0
"210" 15 1 2 "इस" 0 3071 8126 NA NA 2 1 0 2
"211" 15 2 2 "जीत" 0 54 82 2 5 3 1 0 1
"212" 15 3 1 "से" 0.5 7203 25348 6 8 2 1 0 1
"213" 15 4 3 "भारत" 0 950 951 21 27 4 4 0 1
"214" 15 5 1 "ने" 0.5 6947 12697 61 96 2 4 0 1
"215" 15 6 3 "वनडे" 0.5 4 4 1 1 4 6 0 1
"216" 15 7 3 "सीरीज" 0 9 11 1 1 5 6 0 1
"217" 15 8 1 "में" 1 12692 25348 2 6 3 6 0 1
"218" 15 9 3 "2-0" 0 NA NA NA NA 3 9 0 1
"219" 15 10 1 "की" 0 11321 25348 NA NA 2 9 0 2
"220" 15 11 3 "बढ़त" 0 11 11 6 6 3 9 1 1
"221" 15 12 3 "हासिल" 1 88 88 1 1 5 13 0 1
"222" 15 13 2 "कर" 0 2277 9800 13 68 2 13 24 0
"223" 15 14 1 "ली" 0 166 1763 52 217 2 13 0 0
"224" 15 15 1 "है" 0.5 10733 14482 41 176 2 13 0 0
"225" 15 16 1 "।" 0 19415 18846 6561 8730 1 13 0 0
"226" 16 1 3 "कप्तान" 1.5 26 26 NA NA 6 1 0 1
"227" 16 2 3 "सौरव" 0 19 19 6 6 4 2 0 1
"228" 16 3 3 "गांगुली" 1 26 26 13 13 7 2 1 1
"229" 16 4 1 "ने" 0.5 6947 12697 5 NA 2 2 0 1
"230" 16 5 2 "आज" 0 331 331 56 27 2 5 0 1
"231" 16 6 2 "23" 0 6 6 NA NA 2 6 0 1
"232" 16 7 2 "साल" 0 396 436 NA NA 3 6 0 1
"233" 16 8 1 "के" 0.5 18820 25348 58 80 2 6 0 2
"234" 16 9 2 "धोनी" 0 14 14 NA NA 4 6 1 1
"235" 16 10 2 "पर" 0 5002 7193 1 NA 2 6 0 1
"236" 16 11 3 "भरोसा" 0 46 56 8 NA 5 11 0 1
"237" 16 12 3 "जताते" 0.5 32 187 1 3 5 12 2 1
"238" 16 13 2 "हुए" 0.5 1245 5915 31 31 3 12 0 1
"239" 16 14 3 "उन्हें" 1.5 549 6262 9 98 6 14 0 1
"240" 16 15 3 "तीसरे" 0.5 41 62 NA 1 5 15 0 1
"241" 16 16 3 "नंबर" 0.5 55 59 3 3 4 15 0 1
"242" 16 17 2 "पर" 0 5002 7193 8 NA 2 15 0 1
"243" 16 18 3 "खेलने" 1 29 109 1 2 5 18 1 1
"244" 16 19 2 "भेजा" 0.5 82 264 1 1 4 19 38 0
"245" 16 20 1 "।" 0 19415 18846 3 7 1 19 0 0
"246" 17 1 3 "इसके" 0.5 801 8126 NA NA 4 1 0 2
"247" 17 2 2 "बाद" 0 1294 1294 154 152 3 1 0 1
"248" 17 3 1 "जो" 0 414 8126 3 58 2 3 0 1
"249" 17 4 2 "कुछ" 0.5 698 1337 13 42 3 4 0 1
"250" 17 5 2 "हुआ" 0.5 434 5915 2 NA 3 5 3 0
"251" 17 6 2 "वह" 0 835 6262 3 98 2 6 2 1
"252" 17 7 4 "इतिहास" 1 46 46 1 1 6 7 0 1
"253" 17 8 2 "बन" 0 120 450 1 1 2 8 1 0
"254" 17 9 2 "गया" 0 1961 7560 24 83 3 8 0 0
"255" 17 10 1 "।" 0 19415 18846 538 1871 1 8 0 0
"256" 18 1 2 "छोटा" 0 20 115 NA NA 4 1 0 2
"257" 18 2 4 "ग्राउंड," 1.5 NA NA NA NA 8 1 0 1
"258" 18 3 2 "तेज" 0.5 60 61 NA NA 3 3 0 2
"259" 18 4 6 "आउटफील्ड" 0.5 1 1 1 1 8 3 0 1
"260" 18 5 2 "और" 0 5122 5122 1 1 2 5 2 2
"261" 18 6 4 "बल्लेबाजों" 2.5 8 17 1 1 10 6 0 1
"262" 18 7 1 "के" 0.5 18820 25348 1 NA 2 6 0 2
"263" 18 8 2 "लिए" 1 2612 2527 2346 1 3 6 0 1
"264" 18 9 3 "माकूल" 0.5 4 4 1 1 5 9 0 2
"265" 18 10 2 "पिच" 1 3 3 1 1 3 9 3 1
"266" 18 11 2 "पर" 0 5002 7193 2 NA 2 9 0 1
"267" 18 12 2 "धोनी" 0 14 14 1 NA 4 12 0 1
"268" 18 13 5 "पाकिस्तानी" 1.5 125 526 1 NA 10 13 0 2
"269" 18 14 4 "गेंदबाजों" 1.5 8 8 1 NA 9 13 0 1
"270" 18 15 2 "पर" 0 5002 7193 1 NA 2 13 0 1
"271" 18 16 3 "कहर" 0 26 26 2 NA 3 16 0 1
"272" 18 17 4 "बनकर" 0 10 450 1 1 4 17 2 1
"273" 18 18 2 "टूट" 0.5 18 37 1 1 3 18 12 0
"274" 18 19 2 "पड़े" 0.5 41 234 1 NA 3 18 0 0
"275" 18 20 1 "।" 0 19415 18846 20 92 1 18 0 0
"276" 19 1 2 "मैच" 0.5 78 89 NA NA 3 1 0 1
"277" 19 2 1 "के" 0.5 18820 25348 16 18 2 1 0 2
"278" 19 3 2 "चौथे" 0.5 14 19 2 3 4 1 0 1
"279" 19 4 3 "ओवर" 0 8 11 1 1 3 1 2 1
"280" 19 5 1 "में" 1 12692 25348 5 1 3 1 0 1
"281" 19 6 3 "सचिन" 1 29 29 4 NA 4 6 0 1
"282" 19 7 5 "तेंदुलकर" 1.5 16 16 12 12 8 6 0 1
"283" 19 8 1 "के" 0.5 18820 25348 3 2 2 6 0 2
"284" 19 9 2 "रन" 0 36 48 1 1 2 11 0 1
"285" 19 10 3 "आउट" 0 28 28 3 3 3 11 0 1
"286" 19 11 2 "होने" 0.5 745 5915 1 12 4 11 9 1
"287" 19 12 1 "के" 0.5 18820 25348 207 212 2 11 0 1
"288" 19 13 2 "बाद" 0 1294 1294 861 2 3 11 0 1
"289" 19 14 3 "सलामी" 0 6 6 1 1 5 14 0 1
"290" 19 15 4 "बल्लेबाज" 2 9 17 4 4 8 14 0 1
"291" 19 16 3 "वीरेंद्र" 2 14 14 1 1 8 16 0 1
"292" 19 17 4 "सहवाग" 0 13 13 7 7 5 16 0 1
"293" 19 18 1 "का" 0 5500 25348 2 4 2 16 0 2
"294" 19 19 2 "साथ" 0 1188 1190 16 21 3 16 0 1
"295" 19 20 3 "निभाने" 1.5 12 54 2 2 6 20 2 1
"296" 19 21 2 "धोनी" 0 14 14 1 1 4 21 0 1
"297" 19 22 3 "बदले" 0.5 49 123 1 1 4 22 0 1
"298" 19 23 2 "हुए" 0.5 1245 5915 2 10 3 22 0 1
"299" 19 24 3 "अंदाज़" 1 NA NA NA NA 6 22 1 1
"300" 19 25 1 "में" 1 12692 25348 NA NA 3 22 0 1
"301" 19 26 1 "थे" 0.5 793 3255 13 10 2 26 18 0
"302" 19 27 1 "।" 0 19415 18846 566 2058 1 26 0 0
"303" 20 1 3 "भारत" 0 950 951 NA NA 4 1 0 1
"304" 20 2 1 "की" 0 11321 25348 68 211 2 1 0 2
"305" 20 3 2 "ओर" 0 422 422 294 293 2 1 0 1
"306" 20 4 3 "हमेशा" 0.5 39 39 1 1 5 4 0 1
"307" 20 5 1 "की" 0 11321 25348 1 1 2 4 0 2
"308" 20 6 3 "तरह" 0 546 548 94 92 3 4 0 1
"309" 20 7 2 "आज" 0 331 331 1 1 2 7 0 1
"310" 20 8 1 "भी" 0 3079 3081 24 24 2 7 0 1
"311" 20 9 3 "वीरेंद्र" 2 14 14 1 1 8 9 0 1
"312" 20 10 4 "सहवाग" 0 13 13 7 7 5 9 0 1
"313" 20 11 1 "ने" 0.5 6947 12697 2 NA 2 9 0 1
"314" 20 12 3 "कमान" 0 35 35 1 NA 4 12 0 1
"315" 20 13 3 "संभाली" 0.5 1 33 1 3 6 13 26 0
"316" 20 14 1 "।" 0 19415 18846 NA 4 1 13 0 0
"317" 21 1 2 "और" 0 5122 5122 NA NA 2 1 0 1
"318" 21 2 2 "सिर्फ" 2 119 119 2 2 5 1 0 2
"319" 21 3 2 "40" 0 7 7 1 1 2 3 0 1
"320" 21 4 2 "गेंदों" 1.5 8 27 NA NA 6 3 0 1
"321" 21 5 2 "पर" 0 5002 7193 8 NA 2 3 0 1
"322" 21 6 1 "दो" 0 626 NA 7 NA 2 6 0 2
"323" 21 7 3 "छक्के" 1 5 5 2 NA 5 6 0 1
"324" 21 8 2 "और" 0 5122 5122 1 1 2 8 0 2
"325" 21 9 2 "12" 0 23 23 NA NA 2 9 0 1
"326" 21 10 2 "चौके" 0.5 4 4 NA NA 4 9 0 1
"327" 21 11 1 "की" 0 11321 25348 2 3 2 9 0 2
"328" 21 12 3 "मदद" 0 188 188 71 71 3 9 4 1
"329" 21 13 1 "से" 0.5 7203 25348 36 20 2 9 0 1
"330" 21 14 2 "74" 0 1 1 NA NA 2 14 0 1
"331" 21 15 2 "रन" 0 36 48 NA NA 2 14 0 1
"332" 21 16 4 "बनाकर" 0 26 649 4 7 5 16 13 1
"333" 21 17 2 "बड़े" 0.5 112 198 1 NA 3 17 0 2
"334" 21 18 3 "स्कोर" 0.5 17 17 1 NA 5 17 0 1
"335" 21 19 1 "की" 0 11321 25348 1 2 2 17 0 2
"336" 21 20 4 "बुनियाद" 1.5 2 2 1 1 7 17 1 1
"337" 21 21 3 "बनाई" 0 34 649 NA NA 4 21 4 0
"338" 21 22 1 "।" 0 19415 18846 3 31 1 21 0 0
"339" 22 1 3 "दूसरे" 1 193 2116 NA NA 5 1 0 1
"340" 22 2 3 "विकेट" 1.5 17 17 1 NA 5 1 0 1
"341" 22 3 1 "के" 0.5 18820 25348 3 NA 2 1 0 2
"342" 22 4 2 "लिए" 1 2612 2527 2346 1 3 1 0 1
"343" 22 5 2 "दोनों" 0.5 524 1108 6 10 5 5 0 1
"344" 22 6 4 "बल्लेबाजों" 2.5 8 17 2 2 10 5 0 1
"345" 22 7 1 "ने" 0.5 6947 12697 6 NA 2 5 0 1
"346" 22 8 2 "96" 0 NA NA NA NA 2 8 0 1
"347" 22 9 2 "रनों" 0.5 12 48 NA NA 4 8 0 1
"348" 22 10 1 "की" 0 11321 25348 3 16 2 8 0 2
"349" 22 11 4 "साझीदारी" 0 2 2 1 1 8 12 1 1
"350" 22 12 1 "की" 0 11321 25348 1 NA 2 12 14 0
"351" 22 13 1 "।" 0 19415 18846 284 13 1 12 0 0
"352" 23 1 4 "सहवाग" 0 13 13 NA NA 5 1 0 1
"353" 23 2 1 "ने" 0.5 6947 12697 2 NA 2 1 0 1
"354" 23 3 3 "अपनी" 0 539 1621 74 100 4 3 0 2
"355" 23 4 5 "एक्सप्रेस" 2 53 53 1 1 9 3 0 1
"356" 23 5 2 "पारी" 0 12 13 1 1 4 3 1 1
"357" 23 6 1 "में" 1 12692 25348 5 2 3 3 0 1
"358" 23 7 2 "सिर्फ" 2 119 119 7 3 5 7 0 2
"359" 23 8 2 "26" 0 2 2 NA NA 2 7 0 1
"360" 23 9 2 "गेंदों" 1.5 8 27 NA NA 6 7 0 1
"361" 23 10 2 "पर" 0 5002 7193 8 NA 2 7 0 1
"362" 23 11 2 "50" 0 18 18 NA NA 2 11 0 1
"363" 23 12 2 "रन" 0 36 48 NA NA 2 11 0 1
"364" 23 13 2 "पूरा" 0.5 201 566 NA NA 4 14 0 1
"365" 23 14 2 "किया" 1 1984 9800 10 99 4 14 25 0
"366" 23 15 1 "।" 0 19415 18846 309 1049 1 14 0 0
"367" 24 1 2 "राणा" 0 18 18 NA NA 4 1 0 1
"368" 24 2 10 "नवीद-उल-हसन" 0 NA NA NA NA 11 1 0 1
"369" 24 3 1 "की" 0 11321 25348 NA NA 2 1 0 2
"370" 24 4 2 "गेंद" 1 20 27 12 12 4 1 1 1
"371" 24 5 2 "पर" 0 5002 7193 12 NA 2 1 0 1
"372" 24 6 3 "उनका" 0 193 6262 12 111 4 6 0 2
"373" 24 7 2 "कैच" 0.5 6 6 1 1 3 6 0 1
"374" 24 8 4 "सलमान" 0 23 23 1 1 5 8 0 1
"375" 24 9 2 "बट्ट" 1.5 2 2 1 1 4 8 0 1
"376" 24 10 1 "ने" 0.5 6947 12697 1 NA 2 8 0 1
"377" 24 11 3 "लपका" 0 2 3 1 NA 4 11 10 0
"378" 24 12 1 "।" 0 19415 18846 2 3 1 11 0 0
"379" 25 1 3 "मंगल" 0.5 6 6 NA NA 4 1 0 1
"380" 25 2 1 "का" 0 5500 25348 NA 1 2 1 0 2
"381" 25 3 2 "दिन" 1 366 483 11 40 3 1 1 1
"382" 25 4 3 "भारत" 0 950 951 2 4 4 4 0 1
"383" 25 5 1 "के" 0.5 18820 25348 157 211 2 4 0 2
"384" 25 6 2 "लिए" 1 2612 2527 2346 1 3 4 0 1
"385" 25 7 2 "हर" 0 172 172 13 13 2 7 0 1
"386" 25 8 3 "मायने" 0.5 16 9 1 NA 5 7 0 1
"387" 25 9 1 "में" 1 12692 25348 13 NA 3 7 0 1
"388" 25 10 4 "मुबारक" 0.5 6 6 NA NA 6 10 0 1
"389" 25 11 3 "साबित" 1 63 63 NA NA 5 12 0 1
"390" 25 12 2 "हुआ" 0.5 434 5915 7 40 3 12 19 0
"391" 25 13 1 "।" 0 19415 18846 91 886 1 12 0 0
"392" 26 1 2 "इस" 0 3071 8126 NA NA 2 1 0 2
"393" 26 2 2 "बीच" 0 564 563 100 118 3 1 0 1
"394" 26 3 2 "धोनी" 0 14 14 1 1 4 3 0 1
"395" 26 4 2 "टॉप" 0.5 2 2 1 1 3 4 0 1
"396" 26 5 3 "गियर" 1 2 2 1 1 4 4 0 1
"397" 26 6 1 "में" 1 12692 25348 1 1 3 4 0 1
"398" 26 7 1 "आ" 0 213 1109 47 11 1 7 8 0
"399" 26 8 2 "चुके" 1 159 344 3 7 4 7 0 0
"400" 26 9 1 "थे" 0.5 793 3255 9 16 2 7 0 0
"401" 26 10 1 "।" 0 19415 18846 566 2058 1 7 0 0
"402" 27 1 2 "सिर्फ" 2 119 119 NA NA 5 1 0 2
"403" 27 2 2 "88" 0 NA NA NA NA 2 1 0 1
"404" 27 3 2 "गेंदों" 1.5 8 27 NA NA 6 1 0 1
"405" 27 4 2 "पर" 0 5002 7193 8 NA 2 1 0 1
"406" 27 5 2 "जब" 0 340 341 3 5 2 5 0 2
"407" 27 6 4 "उन्होंने" 1.5 1693 6262 5 45 8 6 0 1
"408" 27 7 1 "सौ" 0 66 66 NA NA 2 7 0 1
"409" 27 8 2 "रन" 0 36 48 NA NA 2 7 0 1
"410" 27 9 2 "पूरा" 0.5 201 566 NA NA 4 10 0 1
"411" 27 10 2 "किया" 1 1984 9800 10 99 4 10 14 1
"412" 27 11 1 "।" 0 19415 18846 309 1049 1 10 0 0
"413" 28 1 1 "तो" 0 1349 1349 NA NA 2 1 0 1
"414" 28 2 5 "स्टेडियम" 2 25 25 NA NA 8 2 0 1
"415" 28 3 1 "में" 1 12692 25348 12 2 3 2 0 1
"416" 28 4 3 "मौजूद" 0.5 141 142 43 3 5 2 1 2
"417" 28 5 6 "23,000" 0 NA NA NA NA 6 5 0 1
"418" 28 6 5 "देखनेवाले" 1.5 NA NA NA NA 9 6 0 1
"419" 28 7 2 "लोगों" 0.5 767 1172 NA NA 5 7 0 1
"420" 28 8 1 "ने" 0.5 6947 12697 110 27 2 7 0 1
"421" 28 9 2 "इस" 0 3071 8126 208 337 2 9 0 2
"422" 28 10 4 "उभरते" 0.5 2 22 1 1 5 9 0 1
"423" 28 11 2 "हुए" 0.5 1245 5915 2 2 3 9 0 2
"424" 28 12 3 "स्टार" 0.5 21 22 1 1 5 9 3 1
"425" 28 13 1 "का" 0 5500 25348 1 3 2 9 0 2
"426" 28 14 3 "तालियों" 1.5 1 2 1 1 7 14 0 1
"427" 28 15 1 "की" 0 11321 25348 1 1 2 14 0 2
"428" 28 16 6 "गड़गड़ाहट" 0 1 1 1 1 7 14 1 1
"429" 28 17 1 "से" 0.5 7203 25348 1 NA 2 14 0 1
"430" 28 18 4 "स्वागत" 0.5 69 69 1 41 6 19 4 1
"431" 28 19 2 "किया" 1 1984 9800 25 47 4 19 30 0
"432" 28 20 1 "।" 0 19415 18846 309 1049 1 19 0 0
"433" 29 1 3 "कप्तान" 1.5 26 26 NA NA 6 1 0 1
"434" 29 2 3 "सौरव" 0 19 19 6 6 4 2 0 1
"435" 29 3 3 "गांगुली" 1 26 26 13 13 7 2 0 1
"436" 29 4 2 "एक" 0 2107 2116 1 1 2 4 0 2
"437" 29 5 2 "बार" 0 334 334 73 73 3 4 0 1
"438" 29 6 2 "फिर" 1 237 238 43 43 3 4 0 1
"439" 29 7 4 "उम्मीदों" 1 8 183 1 1 8 7 0 1
"440" 29 8 2 "पर" 0 5002 7193 3 1 2 7 0 1
"441" 29 9 2 "खरे" 0.5 7 10 4 NA 3 9 0 1
"442" 29 10 2 "नहीं" 0.5 2830 NA 1 NA 4 10 0 1
"443" 29 11 3 "उतरे" 0.5 5 58 1 NA 4 10 16 0
"444" 29 12 2 "और" 0 5122 5122 1 1 2 12 0 1
"445" 29 13 1 "नौ" 0 62 61 5 5 2 13 0 2
"446" 29 14 2 "रन" 0 36 48 1 1 2 13 0 1
"447" 29 15 4 "बनाकर" 0 26 649 4 7 5 15 0 1
"448" 29 16 2 "सामी" 0 1 1 1 1 4 16 0 1
"449" 29 17 1 "की" 0 11321 25348 1 1 2 16 0 2
"450" 29 18 2 "गेंद" 1 20 27 12 12 4 16 1 1
"451" 29 19 2 "पर" 0 5002 7193 12 NA 2 16 0 1
"452" 29 20 3 "आउट" 0 28 28 7 NA 3 21 0 1
"453" 29 21 1 "हो" 0 1646 14482 8 NA 2 21 7 0
"454" 29 22 2 "गए" 0 960 7560 151 NA 2 21 0 0
"455" 29 23 1 "।" 0 19415 18846 268 1871 1 21 0 0
"456" 30 1 2 "धोनी" 0 14 14 NA NA 4 1 0 1
"457" 30 2 1 "का" 0 5500 25348 1 3 2 1 0 2
"458" 30 3 2 "साथ" 0 1188 1190 16 21 3 1 1 1
"459" 30 4 2 "देने" 1 480 3918 4 11 4 4 0 1
"460" 30 5 2 "आए" 0 162 1109 1 4 2 5 0 2
"461" 30 6 2 "उप" 0 58 57 2 2 2 6 0 1
"462" 30 7 3 "कप्तान" 1.5 26 26 1 1 6 6 0 1
"463" 30 8 3 "राहुल" 0.5 47 47 4 4 5 8 0 1
"464" 30 9 3 "द्रविड़" 2 27 28 10 11 6 8 3 1
"465" 30 10 1 "ने" 0.5 6947 12697 4 1 2 8 0 1
"466" 30 11 2 "सधे" 0.5 1 2 1 NA 3 11 0 1
"467" 30 12 2 "हुए" 0.5 1245 5915 1 1 3 11 0 2
"468" 30 13 3 "अंदाज" 0.5 15 15 2 2 5 11 0 1
"469" 30 14 1 "में" 1 12692 25348 10 NA 3 11 0 1
"470" 30 15 2 "पारी" 0 12 13 1 NA 4 15 0 1
"471" 30 16 1 "की" 0 11321 25348 1 2 2 15 0 2
"472" 30 17 4 "शुरुआत" 1 54 54 39 40 6 18 1 1
"473" 30 18 1 "की" 0 11321 25348 13 1 2 18 12 0
"474" 30 19 1 "।" 0 19415 18846 284 13 1 18 0 0
"475" 31 1 2 "और" 0 5122 5122 NA NA 2 1 0 1
"476" 31 2 2 "नए" 0 148 365 7 11 2 2 0 2
"477" 31 3 2 "साथी" 0 22 34 NA NA 4 2 0 1
"478" 31 4 4 "बल्लेबाज" 2 9 17 1 1 8 2 1 1
"479" 31 5 1 "को" 0 8766 25348 1 NA 2 2 0 1
"480" 31 6 3 "आजादी" 0 14 15 2 3 5 6 0 1
"481" 31 7 1 "से" 0.5 7203 25348 1 7 2 6 0 1
"482" 31 8 3 "खेलने" 1 29 109 1 10 5 8 1 1
"483" 31 9 1 "का" 0 5500 25348 2 15 2 8 0 2
"484" 31 10 2 "पूरा" 0.5 201 566 29 59 4 10 0 2
"485" 31 11 2 "मौका" 0 58 177 3 3 4 10 2 1
"486" 31 12 3 "मुहैया" 1 37 37 1 1 6 12 0 1
"487" 31 13 3 "कराया" 0 82 9800 7 5 5 13 9 0
"488" 31 14 1 "।" 0 19415 18846 16 1049 1 13 0 0
"489" 32 1 2 "चौथे" 0.5 14 19 NA NA 4 1 0 2
"490" 32 2 3 "विकेट" 1.5 17 17 1 1 5 1 0 1
"491" 32 3 2 "पर" 0 5002 7193 3 NA 2 1 0 1
"492" 32 4 2 "दोनों" 0.5 524 1108 17 46 5 4 0 2
"493" 32 5 4 "बल्लेबाजों" 2.5 8 17 2 2 10 4 0 1
"494" 32 6 1 "ने" 0.5 6947 12697 6 NA 2 4 0 1
"495" 32 7 3 "134" 0 NA NA NA NA 3 7 0 1
"496" 32 8 2 "गेंदों" 1.5 8 27 NA NA 6 7 0 1
"497" 32 9 2 "पर" 0 5002 7193 8 NA 2 7 0 1
"498" 32 10 3 "149" 0 NA NA NA NA 3 10 0 1
"499" 32 11 2 "रन" 0 36 48 NA NA 2 10 0 1
"500" 32 12 2 "जोड़" 0 7 32 1 NA 3 12 18 0
"501" 32 13 2 "दिए" 1 270 3918 1 2 3 12 0 0
"502" 32 14 1 "।" 0 19415 18846 38 774 1 12 0 0
"503" 33 1 3 "द्रविड़" 2 27 28 NA NA 6 1 0 1
"504" 33 2 1 "ने" 0.5 6947 12697 4 1 2 1 0 1
"505" 33 3 2 "57" 0 1 1 NA NA 2 3 0 2
"506" 33 4 2 "गेंदों" 1.5 8 27 NA NA 6 3 0 1
"507" 33 5 2 "पर" 0 5002 7193 8 NA 2 3 0 1
"508" 33 6 3 "अपना" 0 210 1621 21 50 4 6 0 2
"509" 33 7 2 "50" 0 18 18 NA NA 2 6 0 2
"510" 33 8 2 "रन" 0 36 48 NA NA 2 6 0 1
"511" 33 9 2 "पूरा" 0.5 201 566 NA NA 4 10 0 1
"512" 33 10 2 "किया" 1 1984 9800 10 99 4 10 14 0
"513" 33 11 1 "।" 0 19415 18846 309 1049 1 10 0 0
"514" 34 1 2 "धोनी" 0 14 14 NA NA 4 1 0 1
"515" 34 2 1 "ने" 0.5 6947 12697 4 NA 2 1 0 1
"516" 34 3 2 "मैच" 0.5 78 89 5 5 3 3 0 1
"517" 34 4 1 "के" 0.5 18820 25348 16 18 2 3 0 2
"518" 34 5 3 "40वें" 1 NA NA NA NA 5 5 0 1
"519" 34 6 3 "ओवर" 0 8 11 NA NA 3 5 1 1
"520" 34 7 1 "में" 1 12692 25348 5 1 3 5 0 1
"521" 34 8 4 "अफरीदी" 0 2 2 1 NA 6 8 0 1
"522" 34 9 1 "की" 0 11321 25348 NA NA 2 8 0 2
"523" 34 10 4 "जमकर" 0 63 59 13 16 4 10 0 1
"524" 34 11 2 "मार" 0 80 302 1 1 3 11 10 1
"525" 34 12 3 "लगाई" 0 39 595 1 1 4 11 0 1
"526" 34 13 2 "और" 0 5122 5122 2 8 2 13 0 2
"527" 34 14 1 "दो" 0 626 NA 13 NA 2 14 0 2
"528" 34 15 3 "छक्के" 1 5 5 2 NA 5 14 0 1
"529" 34 16 2 "तथा" 0 302 302 1 1 3 16 0 2
"530" 34 17 2 "एक" 0 2107 2116 5 5 2 17 0 2
"531" 34 18 2 "चौके" 0.5 4 4 1 1 4 17 0 1
"532" 34 19 1 "की" 0 11321 25348 2 3 2 17 0 2
"533" 34 20 3 "मदद" 0 188 188 71 71 3 17 3 1
"534" 34 21 1 "से" 0.5 7203 25348 36 20 2 17 0 1
"535" 34 22 2 "18" 0 7 48 NA 1 2 22 0 1
"536" 34 23 2 "रन" 0 36 48 NA 1 2 22 0 1
"537" 34 24 3 "बटोर" 0 2 3 1 1 4 24 3 0
"538" 34 25 2 "लिए" 1 2612 2527 1 NA 3 24 0 0
"539" 34 26 1 "।" 0 19415 18846 8 NA 1 24 0 0
"540" 35 1 3 "इसके" 0.5 801 8126 NA NA 4 1 0 2
"541" 35 2 2 "बाद" 0 1294 1294 154 152 3 1 0 1
"542" 35 3 3 "उमस" 0 2 2 1 1 3 3 0 1
"543" 35 4 2 "भरी" 0 20 233 1 2 3 3 0 1
"544" 35 5 3 "गरमी" 0 4 4 1 1 4 3 0 1
"545" 35 6 1 "में" 1 12692 25348 1 1 3 3 0 1
"546" 35 7 2 "लंबी" 0.5 38 70 2 9 4 7 0 2
"547" 35 8 2 "पारी" 0 12 13 1 1 4 7 0 1
"548" 35 9 3 "खेलने" 1 29 109 1 1 5 9 0 1
"549" 35 10 1 "के" 0.5 18820 25348 9 15 2 9 0 2
"550" 35 11 2 "बाद" 0 1294 1294 861 2 3 9 0 1
"551" 35 12 2 "धोनी" 0 14 14 1 1 4 12 0 1
"552" 35 13 3 "42वें" 1 NA NA NA NA 5 13 0 2
"553" 35 14 3 "ओवर" 0 8 11 NA NA 3 13 0 1
"554" 35 15 1 "में" 1 12692 25348 5 1 3 13 0 1
"555" 35 16 5 "मोहम्मद" 0.5 103 103 2 1 7 16 0 1
"556" 35 17 3 "हफीज" 0 1 1 1 1 4 16 0 1
"557" 35 18 1 "की" 0 11321 25348 1 1 2 16 0 2
"558" 35 19 2 "गेंद" 1 20 27 12 12 4 19 1 1
"559" 35 20 2 "पर" 0 5002 7193 12 NA 2 19 0 1
"560" 35 21 3 "शोएब" 0 2 2 1 NA 4 21 0 1
"561" 35 22 3 "मलिक" 1 26 26 1 1 4 21 0 1
"562" 35 23 1 "को" 0 8766 25348 7 4 2 21 0 1
"563" 35 24 2 "कैच" 0.5 6 6 4 NA 3 24 0 1
"564" 35 25 2 "थमा" 0 4 12 2 1 3 25 66 0
"565" 35 26 2 "बैठे" 1 42 111 2 1 4 25 0 0
"566" 35 27 1 "।" 0 19415 18846 7 14 1 25 0 0
"567" 36 1 2 "धोनी" 0 14 14 NA NA 4 1 0 1
"568" 36 2 1 "ने" 0.5 6947 12697 4 NA 2 1 0 1
"569" 36 3 5 "पाकिस्तान" 1.5 525 526 24 29 9 2 0 1
"570" 36 4 1 "के" 0.5 18820 25348 185 191 2 2 0 2
"571" 36 5 3 "खिलाफ" 1 352 389 301 NA 5 2 0 1
"572" 36 6 3 "141" 0 NA NA NA NA 3 6 0 1
"573" 36 7 2 "रन" 0 36 48 NA NA 2 6 0 1
"574" 36 8 1 "के" 0.5 18820 25348 9 16 2 6 0 2
"575" 36 9 5 "बेहतरीन" 0.5 12 12 3 5 7 6 0 1
"576" 36 10 2 "निजी" 1 74 74 NA NA 4 6 0 2
"577" 36 11 3 "स्कोर" 0.5 17 17 6 6 5 6 3 1
"578" 36 12 1 "को" 0 8766 25348 2 2 2 6 0 1
"579" 36 13 1 "भी" 0 3079 3081 234 189 2 6 0 1
"580" 36 14 2 "पीछे" 0.5 98 94 3 3 4 14 0 1
"581" 36 15 2 "छोड़" 0 45 89 NA 1 3 15 27 0
"582" 36 16 2 "दिया" 1 1306 3918 10 13 4 15 0 0
"583" 36 17 1 "।" 0 19415 18846 365 774 1 15 0 0
"584" 37 1 3 "इससे" 0.5 333 8126 NA NA 4 1 0 2
"585" 37 2 3 "पहले" 0.5 700 587 103 113 4 1 0 1
"586" 37 3 2 "यह" 0 1750 8126 11 28 2 3 0 1
"587" 37 4 3 "रिकॉर्ड" 2.5 30 31 1 1 7 3 0 1
"588" 37 5 3 "सौरव" 0 19 19 1 1 4 5 0 1
"589" 37 6 3 "गांगुली" 1 26 26 13 13 7 5 0 1
"590" 37 7 6 "(एडीलेड," 0.5 NA NA NA NA 8 5 0 1
"591" 37 8 5 "2000)" 0 NA NA NA NA 5 5 0 1
"592" 37 9 2 "और" 0 5122 5122 NA NA 2 9 0 2
"593" 37 10 3 "सचिन" 1 29 29 NA NA 4 10 0 1
"594" 37 11 5 "तेंदुलकर" 1.5 16 16 12 12 8 10 0 1
"595" 37 12 7 "(रावलपिंडी," 1.5 NA NA NA NA 11 10 0 1
"596" 37 13 5 "2004)" 0 NA NA NA NA 5 10 0 1
"597" 37 14 1 "के" 0.5 18820 25348 NA NA 2 10 0 2
"598" 37 15 2 "नाम" 0 265 273 92 162 3 10 11 1
"599" 37 16 1 "था" 0 1470 3255 1 1 2 16 24 0
"600" 37 17 1 "।" 0 19415 18846 895 2058 1 16 0 0
"601" 38 1 5 "पाकिस्तान" 1.5 525 526 NA NA 9 1 0 1
"602" 38 2 1 "के" 0.5 18820 25348 185 191 2 1 0 2
"603" 38 3 3 "खिलाफ़" 1 28 389 27 NA 5 1 0 1
"604" 38 4 3 "दूसरे" 1 193 2116 1 9 5 4 0 2
"605" 38 5 2 "मैच" 0.5 78 89 NA 7 3 4 0 1
"606" 38 6 1 "में" 1 12692 25348 11 18 3 4 0 1
"607" 38 7 3 "उसने" 0.5 149 6262 14 71 4 7 0 1
"608" 38 8 2 "जहां" 0.5 131 179 1 1 4 8 0 2
"609" 38 9 2 "58" 0 4 4 NA NA 2 9 0 3
"610" 38 10 2 "रनों" 0.5 12 48 NA NA 4 9 0 2
"611" 38 11 1 "से" 0.5 7203 25348 6 16 2 9 0 2
"612" 38 12 2 "जीत" 0 54 82 5 11 3 12 0 2
"613" 38 13 3 "हासिल" 1 88 88 8 8 5 14 0 2
"614" 38 14 2 "की," 0 NA NA NA NA 3 14 35 1
"615" 38 15 2 "वहीं" 0.5 164 240 NA NA 4 15 6 1
"616" 38 16 2 "उसे" 0.5 253 6262 1 8 3 16 0 1
"617" 38 17 2 "धोनी" 0 14 14 NA NA 4 17 0 1
"618" 38 18 1 "के" 0.5 18820 25348 2 3 2 17 0 2
"619" 38 19 2 "रूप" 0.5 400 402 155 7 3 17 1 1
"620" 38 20 1 "में" 1 12692 25348 169 NA 3 17 0 1
"621" 38 21 2 "एक" 0 2107 2116 201 373 2 21 0 2
"622" 38 22 2 "नया" 0 49 365 10 21 3 21 0 2
"623" 38 23 3 "स्टार" 0.5 21 22 1 1 5 23 0 1
"624" 38 24 4 "बल्लेबाज" 2 9 17 1 1 8 23 1 1
"625" 38 25 2 "मिल" 1 175 938 1 1 3 25 24 0
"626" 38 26 2 "गया" 0 1961 7560 8 63 3 25 0 0
"627" 38 27 1 "।" 0 19415 18846 538 1871 1 25 0 0
"628" 39 1 4 "उधर," 0 NA NA NA NA 4 1 0 1
"629" 39 2 3 "आशीष" 0 10 10 NA NA 4 2 0 1
"630" 39 3 3 "नेहरा" 0.5 11 11 6 6 5 2 0 1
"631" 39 4 1 "ने" 0.5 6947 12697 4 NA 2 2 0 1
"632" 39 5 3 "अपने" 0.5 826 1621 119 100 4 5 0 2
"633" 39 6 3 "पहले" 0.5 700 587 5 2 4 5 0 2
"634" 39 7 3 "ओवर" 0 8 11 1 NA 3 5 1 1
"635" 39 8 1 "की" 0 11321 25348 1 1 2 5 0 2
"636" 39 9 3 "दूसरी" 0.5 161 398 10 47 5 5 0 2
"637" 39 10 1 "ही" 0 1862 1863 2 3 2 5 0 2
"638" 39 11 2 "गेंद" 1 20 27 1 1 4 5 3 1
"639" 39 12 2 "पर" 0 5002 7193 12 NA 2 5 0 1
"640" 39 13 3 "सलामी" 0 6 6 1 NA 5 13 0 1
"641" 39 14 4 "बल्लेबाज" 2 9 17 4 4 8 13 0 1
"642" 39 15 4 "अफरीदी" 0 2 2 1 1 6 15 0 1
"643" 39 16 1 "को" 0 8766 25348 2 NA 2 15 0 1
"644" 39 17 3 "बोल्ड" 0.5 2 2 1 NA 5 18 0 1
"645" 39 18 2 "कर" 0 2277 9800 1 2 2 18 8 0
"646" 39 19 5 "पाकिस्तान" 1.5 525 526 1 1 9 19 0 1
"647" 39 20 1 "की" 0 11321 25348 45 191 2 19 0 2
"648" 39 21 4 "शुरुआत" 1 54 54 39 40 6 19 1 1
"649" 39 22 3 "खराब" 0 47 47 1 1 4 23 0 1
"650" 39 23 2 "कर" 0 2277 9800 2 5 2 23 44 0
"651" 39 24 1 "दी" 0 843 3918 201 753 2 23 0 0
"652" 39 25 1 "।" 0 19415 18846 214 774 1 23 0 0
"653" 40 1 8 "इंजमामुल-हक" 1 NA NA NA NA 11 1 0 1
"654" 40 2 4 "(16)" 0 NA NA NA NA 4 1 0 1
"655" 40 3 9 "अब्दुल-रज्जाक" 1.5 NA NA NA NA 13 3 0 1
"656" 40 4 1 "के" 0.5 18820 25348 NA NA 2 3 0 2
"657" 40 5 2 "साथ" 0 1188 1190 757 21 3 3 0 1
"658" 40 6 2 "हुई" 0.5 591 5915 11 25 3 3 2 2
"659" 40 7 6 "गलतफहमी" 0 4 4 1 1 7 3 0 1
"660" 40 8 1 "कि" 1 6478 25348 NA NA 2 3 0 2
"661" 40 9 3 "वजह" 0 182 184 NA 106 3 3 1 1
"662" 40 10 1 "से" 0.5 7203 25348 126 NA 2 3 0 1
"663" 40 11 2 "रन" 0 36 48 NA 1 2 13 0 1
"664" 40 12 3 "आउट" 0 28 28 3 3 3 13 0 1
"665" 40 13 1 "हो" 0 1646 14482 8 NA 2 13 14 0
"666" 40 14 2 "गए" 0 960 7560 151 NA 2 13 0 0
"667" 40 15 1 "।" 0 19415 18846 268 1871 1 13 0 0
"668" 41 1 5 "पाकिस्तान" 1.5 525 526 NA NA 9 1 0 1
"669" 41 2 2 "टीम" 0 165 186 1 1 3 1 0 1
"670" 41 3 1 "के" 0.5 18820 25348 29 34 2 1 0 2
"671" 41 4 3 "कप्तान" 1.5 26 26 2 2 6 1 1 1
"672" 41 5 4 "रज्जाक" 0.5 4 4 1 1 6 5 0 1
"673" 41 6 2 "पर" 0 5002 7193 1 NA 2 5 0 1
"674" 41 7 2 "काफी" 0 257 265 9 18 4 7 0 2
"675" 41 8 3 "नाराज़" 0.5 1 28 NA 4 6 7 0 1
"676" 41 9 2 "दिखे" 1.5 3 31 NA 1 4 9 7 0
"677" 41 10 1 "।" 0 19415 18846 3 9 1 9 0 0
"678" 42 1 6 "बहरहाल," 0 NA NA NA NA 7 1 0 1
"679" 42 2 3 "कप्तान" 1.5 26 26 NA NA 6 2 0 1
"680" 42 3 1 "की" 0 11321 25348 2 5 2 2 0 2
"681" 42 4 3 "विदाई" 1 6 6 3 3 5 2 1 1
"682" 42 5 1 "से" 0.5 7203 25348 1 NA 2 2 0 1
"683" 42 6 2 "पाक" 0 87 87 2 1 3 6 0 1
"684" 42 7 1 "को" 0 8766 25348 3 5 2 6 0 1
"685" 42 8 1 "जो" 0 414 8126 1 325 2 8 0 2
"686" 42 9 3 "झटका" 0 28 59 1 6 4 8 0 1
"687" 42 10 3 "लगा," 0 NA NA NA NA 4 10 8 0
"688" 42 11 3 "उससे" 0.5 62 6262 NA NA 4 11 2 1
"689" 42 12 2 "वह" 0 835 6262 1 53 2 12 0 1
"690" 42 13 3 "आखिर" 1 30 30 NA NA 4 13 0 1
"691" 42 14 2 "तक" 0 1014 1015 3 3 2 13 0 1
"692" 42 15 2 "नहीं" 0.5 2830 NA 21 NA 4 15 0 1
"693" 42 16 3 "उबर" 0 7 18 3 NA 3 15 7 0
"694" 42 17 2 "सका" 0 41 1070 1 1 3 15 0 0
"695" 42 18 1 "।" 0 19415 18846 20 297 1 15 0 0
"696" 43 1 4 "कैरियर" 1.5 16 16 NA NA 6 1 0 1
"697" 43 2 1 "का" 0 5500 25348 3 5 2 1 0 2
"698" 43 3 2 "सिर्फ" 2 119 119 3 3 5 1 0 1
"699" 43 4 3 "पांचवां" 1 2 2 NA NA 7 1 0 2
"700" 43 5 2 "मैच" 0.5 78 89 1 1 3 1 3 1
"701" 43 6 2 "खेल" 0.5 55 109 1 5 3 6 0 1
"702" 43 7 2 "रहे" 0.5 988 3304 5 11 3 6 0 2
"703" 43 8 2 "धोनी" 0 14 14 1 1 4 8 0 1
"704" 43 9 1 "की" 0 11321 25348 1 3 2 8 0 2
"705" 43 10 3 "बेखौफ़" 0.5 1 1 1 1 5 8 0 1
"706" 43 11 2 "पारी" 0 12 13 1 1 4 8 2 1
"707" 43 12 1 "के" 0.5 18820 25348 1 2 2 8 0 2
"708" 43 13 2 "आगे" 0.5 174 173 17 2 3 8 0 1
"709" 43 14 5 "पाकिस्तानी" 1.5 125 526 1 NA 10 14 0 1
"710" 43 15 3 "हमला" 0 72 225 NA NA 4 14 0 1
"711" 43 16 2 "बौना" 0 1 1 NA NA 4 16 0 1
"712" 43 17 3 "नजर" 0 77 113 1 1 3 17 0 1
"713" 43 18 2 "आया" 0 120 1109 1 44 3 18 9 0
"714" 43 19 1 "।" 0 19415 18846 24 121 1 18 0 0
"715" 44 1 3 "भारत" 0 950 951 NA NA 4 1 0 1
"716" 44 2 1 "ने" 0.5 6947 12697 61 96 2 1 0 1
"717" 44 3 2 "आज" 0 331 331 56 27 2 3 0 1
"718" 44 4 3 "पहले" 0.5 700 587 1 NA 4 4 0 2
"719" 44 5 4 "बल्लेबाजी" 2 4 4 2 1 9 6 0 1
"720" 44 6 3 "करते" 0.5 549 9800 1 2 4 6 2 1
"721" 44 7 2 "हुए" 0.5 1245 5915 329 415 3 6 0 1
"722" 44 8 2 "धोनी" 0 14 14 1 1 4 8 0 1
"723" 44 9 1 "के" 0.5 18820 25348 2 3 2 8 0 2
"724" 44 10 3 "123" 0 3 3 NA NA 3 8 0 2
"725" 44 11 2 "गेंदों" 1.5 8 27 NA NA 6 9 0 1
"726" 44 12 2 "पर" 0 5002 7193 8 NA 2 9 0 1
"727" 44 13 3 "148" 0 NA NA NA NA 3 13 0 2
"728" 44 14 2 "रनों" 0.5 12 48 NA NA 4 13 5 1
"729" 44 15 1 "की" 0 11321 25348 3 16 2 13 0 2
"730" 44 16 4 "बदौलत" 0 3 3 3 3 5 13 0 1
"731" 44 17 2 "50" 0 18 18 NA NA 2 17 0 2
"732" 44 18 3 "ओवरों" 0.5 3 11 NA NA 5 17 0 1
"733" 44 19 1 "में" 1 12692 25348 3 1 3 17 0 1
"734" 44 20 1 "नौ" 0 62 61 7 7 2 20 0 2
"735" 44 21 3 "विकेट" 1.5 17 17 1 1 5 20 0 1
"736" 44 22 2 "पर" 0 5002 7193 3 NA 2 20 0 1
"737" 44 23 3 "356" 0 NA NA NA NA 3 23 0 1
"738" 44 24 3 "बनाए" 0 96 649 NA NA 4 24 54 0
"739" 44 25 1 "।" 0 19415 18846 4 31 1 24 0 0
"740" 45 1 1 "जो" 0 414 8126 NA NA 2 1 0 1
"741" 45 2 5 "पाकिस्तान" 1.5 525 526 2 5 9 2 0 1
"742" 45 3 1 "के" 0.5 18820 25348 185 191 2 2 0 2
"743" 45 4 3 "खिलाफ" 1 352 389 301 NA 5 2 0 1
"744" 45 5 3 "भारत" 0 950 951 2 2 4 5 0 1
"745" 45 6 1 "का" 0 5500 25348 29 211 2 5 0 2
"746" 45 7 3 "सबसे" 0.5 228 224 32 80 4 7 0 1
"747" 45 8 2 "बड़ा" 0 80 198 24 31 3 7 0 2
"748" 45 9 3 "स्कोर" 0.5 17 17 1 NA 5 7 0 1
"749" 45 10 1 "है" 0.5 10733 14482 1 1 2 10 19 0
"750" 45 11 1 "।" 0 19415 18846 6561 8730 1 10 0 0
"751" 46 1 2 "मैन" 0.5 4 4 NA NA 3 1 0 1
"752" 46 2 2 "ऑफ" 0.5 120 120 2 2 2 1 0 1
"753" 46 3 2 "मैच" 0.5 78 89 1 1 3 1 0 1
"754" 46 4 2 "धोनी" 0 14 14 1 1 4 4 0 1
"755" 46 5 1 "ने" 0.5 6947 12697 4 NA 2 4 0 1
"756" 46 6 3 "अपनी" 0 539 1621 74 100 4 6 0 2
"757" 46 7 2 "पारी" 0 12 13 1 1 4 6 0 1
"758" 46 8 1 "में" 1 12692 25348 5 2 3 6 0 1
"759" 46 9 2 "16" 0 9 9 1 NA 2 9 0 1
"760" 46 10 2 "चौके" 0.5 4 4 NA NA 4 9 0 1
"761" 46 11 2 "और" 0 5122 5122 1 1 2 11 0 2
"762" 46 12 2 "चार" 0 237 266 9 9 3 12 0 2
"763" 46 13 4 "दमदार" 0 3 3 1 1 5 12 0 2
"764" 46 14 3 "छक्के" 1 5 5 1 1 5 12 3 1
"765" 46 15 1 "भी" 0 3079 3081 1 1 2 12 0 1
"766" 46 16 3 "लगाए" 0 75 595 2 11 4 16 20 0
"767" 46 17 1 "।" 0 19415 18846 4 44 1 16 0 0
"768" 47 1 3 "इससे" 0.5 333 8126 NA NA 4 1 0 2
"769" 47 2 3 "पहले" 0.5 700 587 103 113 4 1 0 1
"770" 47 3 3 "उनका" 0 193 6262 2 27 4 3 0 2
"771" 47 4 3 "सबसे" 0.5 228 224 1 3 4 3 0 2
"772" 47 5 2 "बड़ा" 0.5 18 170 1 24 4 3 0 2
"773" 47 6 3 "स्कोर" 0.5 17 17 NA 2 5 3 2 1
"774" 47 7 2 "12" 0 23 23 NA NA 2 7 0 1
"775" 47 8 2 "रन" 0 36 48 NA NA 2 7 0 1
"776" 47 9 1 "था" 0 1470 3255 1 1 2 9 8 0
"777" 47 10 1 "।" 0 19415 18846 895 2058 1 9 0 0
"778" 48 1 3 "जवाब" 0 157 157 NA NA 4 1 0 1
"779" 48 2 1 "में" 1 12692 25348 57 5 3 1 0 1
"780" 48 3 3 "खेलने" 1 29 109 2 10 5 3 0 1
"781" 48 4 3 "उतरी" 0 5 58 2 2 4 4 0 2
"782" 48 5 5 "पाकिस्तान" 1.5 525 526 1 1 9 5 0 1
"783" 48 6 1 "की" 0 11321 25348 45 191 2 5 0 2
"784" 48 7 2 "पूरी" 0.5 241 566 22 59 4 5 0 2
"785" 48 8 2 "टीम" 0 165 186 1 1 3 5 5 1
"786" 48 9 4 "44.1" 0 NA NA NA NA 4 6 0 1
"787" 48 10 3 "ओवरों" 0.5 3 11 NA NA 5 6 0 1
"788" 48 11 1 "में" 1 12692 25348 3 1 3 6 0 1
"789" 48 12 3 "298" 0 NA NA NA NA 3 12 0 1
"790" 48 13 2 "रन" 0 36 48 NA NA 2 12 0 1
"791" 48 14 4 "बनाकर" 0 26 649 4 7 5 14 0 1
"792" 48 15 3 "आउट" 0 28 28 1 1 3 16 0 1
"793" 48 16 1 "हो" 0 1646 14482 8 NA 2 16 25 0
"794" 48 17 2 "गई" 0 1045 7560 179 NA 2 16 0 0
"795" 48 18 1 "।" 0 19415 18846 298 1871 1 16 0 0
"796" 49 1 3 "हालांकि" 1.5 234 234 NA NA 7 1 0 1
"797" 49 2 9 "अब्दुल-रज्जाक" 1.5 NA NA NA NA 13 2 0 1
"798" 49 3 1 "ने" 0.5 6947 12697 NA NA 2 2 0 1
"799" 49 4 2 "92" 0 1 1 NA NA 2 4 0 2
"800" 49 5 2 "गेंदों" 1.5 8 27 NA NA 6 4 0 1
"801" 49 6 2 "पर" 0 5002 7193 8 NA 2 4 0 1
"802" 49 7 2 "88" 0 NA NA NA NA 2 7 0 1
"803" 49 8 2 "और" 0 5122 5122 NA NA 2 8 0 2
"804" 49 9 3 "यूसुफ" 1 4 4 NA NA 5 9 0 1
"805" 49 10 3 "योहाना" 0 1 1 1 1 6 9 0 1
"806" 49 11 1 "ने" 0.5 6947 12697 1 NA 2 9 0 1
"807" 49 12 2 "56" 0 NA NA NA NA 2 12 0 2
"808" 49 13 2 "गेंदों" 1.5 8 27 NA NA 6 12 0 1
"809" 49 14 2 "पर" 0 5002 7193 8 NA 2 12 0 1
"810" 49 15 2 "71" 0 2 2 NA NA 2 15 0 2
"811" 49 16 2 "रन" 0 36 48 NA NA 2 15 0 1
"812" 49 17 4 "बनाए," 0 NA NA NA NA 5 17 17 0
"813" 49 18 3 "लेकिन" 1.5 859 859 NA NA 5 18 0 1
"814" 49 19 3 "उनकी" 0 400 6262 5 98 4 19 0 2
"815" 49 20 2 "यह" 0 1750 8126 3 296 2 20 0 2
"816" 49 21 3 "कोशिश" 1 169 195 NA 5 5 20 1 1
"817" 49 22 2 "जीत" 0 54 82 NA NA 3 22 0 1
"818" 49 23 1 "के" 0.5 18820 25348 10 8 2 22 0 2
"819" 49 24 2 "लिए" 1 2612 2527 2346 1 3 22 0 1
"820" 49 25 1 "ना" 0 89 89 1 1 2 25 0 1
"821" 49 26 2 "काफी" 0 257 265 1 1 4 25 0 1
"822" 49 27 3 "साबित" 1 63 63 1 1 5 28 0 1
"823" 49 28 2 "हुई" 0.5 591 5915 1 40 3 28 12 0
"824" 49 29 1 "।" 0 19415 18846 117 886 1 28 0 0
"825" 50 1 3 "भारत" 0 950 951 NA NA 4 1 0 1
"826" 50 2 1 "के" 0.5 18820 25348 157 211 2 1 0 2
"827" 50 3 2 "तेज" 0.5 60 61 3 3 3 1 0 1
"828" 50 4 4 "गेंदबाज" 1 7 7 6 6 7 1 1 1
"829" 50 5 3 "आशीष" 0 10 10 2 2 4 5 0 1
"830" 50 6 3 "नेहरा" 0.5 11 11 6 6 5 5 0 1
"831" 50 7 1 "ने" 0.5 6947 12697 4 NA 2 5 0 1
"832" 50 8 2 "72" 0 5 5 NA 2 2 8 0 2
"833" 50 9 2 "रन" 0 36 48 NA NA 2 8 0 1
"834" 50 10 3 "देकर" 0.5 65 3918 3 3 4 10 0 1
"835" 50 11 1 "4" 0 6 6 NA NA 1 11 0 1
"836" 50 12 2 "तथा" 0 302 302 NA NA 3 12 0 2
"837" 50 13 4 "युवराज" 0.5 12 12 1 1 6 13 0 1
"838" 50 14 2 "सिंह" 1.5 1009 1007 7 7 4 13 0 1
"839" 50 15 1 "ने" 0.5 6947 12697 292 NA 2 13 0 1
"840" 50 16 2 "55" 0 8 8 NA 1 2 16 0 2
"841" 50 17 2 "रन" 0 36 48 NA NA 2 16 0 1
"842" 50 18 3 "देकर" 0.5 65 3918 3 3 4 18 0 1
"843" 50 19 2 "तीन" 0 384 2116 1 2 3 19 0 1
"844" 50 20 3 "विकेट" 1.5 17 17 1 NA 5 19 0 1
"845" 50 21 4 "चटकाए" 0 2 2 2 2 5 21 16 0
"846" 50 22 1 "।" 0 19415 18846 2 2 1 21 0 0
"847" 51 1 5 "देखनेवालों" 1.5 NA NA NA NA 10 1 0 1
"848" 51 2 1 "की" 0 11321 25348 NA NA 2 1 0 2
"849" 51 3 3 "तादाद" 0 17 17 10 10 5 1 1 1
"850" 51 4 1 "भी" 0 3079 3081 NA NA 2 1 0 1
"851" 51 5 3 "पहले" 0.5 700 587 5 5 4 5 0 1
"852" 51 6 1 "से" 0.5 7203 25348 45 13 2 5 0 1
"853" 51 7 2 "कम" 0 315 315 76 8 2 7 0 1
"854" 51 8 1 "थी" 0 888 3255 2 2 2 8 6 0
"855" 51 9 1 "।" 0 19415 18846 579 2058 1 8 0 0
"856" 52 1 5 "सिक्यूरिटी" 3 1 1 NA NA 10 1 0 1
"857" 52 2 1 "के" 0.5 18820 25348 NA NA 2 1 0 2
"858" 52 3 2 "कड़े" 0.5 12 49 1 11 3 1 0 2
"859" 52 4 4 "इंतजाम" 0.5 30 32 2 NA 6 1 1 1
"860" 52 5 1 "की" 0 11321 25348 NA 1 2 1 0 2
"861" 52 6 3 "वजह" 0 182 184 108 106 3 1 0 1
"862" 52 7 1 "से" 0.5 7203 25348 126 NA 2 1 0 1
"863" 52 8 2 "लोग" 0 400 1172 10 149 3 8 0 1
"864" 52 9 3 "शूटिंग" 2 19 19 1 1 6 8 0 1
"865" 52 10 1 "की" 0 11321 25348 1 1 2 8 0 2
"866" 52 11 3 "जगह" 0 100 120 22 22 3 8 1 1
"867" 52 12 1 "से" 0.5 7203 25348 NA 1 2 8 0 1
"868" 52 13 5 "दूर-दूर" 1 NA NA NA NA 7 13 0 1
"869" 52 14 1 "ही" 0 1862 1863 NA NA 2 13 0 1
"870" 52 15 2 "रहे" 0.5 988 3304 4 24 3 15 20 0
"871" 52 16 1 "।" 0 19415 18846 76 327 1 15 0 0
"872" 53 1 3 "लेकिन" 1.5 859 859 NA NA 5 1 0 1
"873" 53 2 2 "कुछ" 0.5 698 1337 5 11 3 2 0 2
"874" 53 3 2 "लोगों" 0.5 767 1172 15 NA 5 2 0 1
"875" 53 4 1 "ने" 0.5 6947 12697 110 27 2 2 0 1
"876" 53 5 3 "अपने" 0.5 826 1621 119 100 4 5 0 2
"877" 53 6 3 "चहेते" 1 1 1 1 1 5 5 0 1
"878" 53 7 4 "कलाकार" 0 5 7 1 1 6 5 1 1
"879" 53 8 1 "की" 0 11321 25348 1 2 2 5 0 2
"880" 53 9 3 "झलक" 0 7 9 4 4 3 5 1 1
"881" 53 10 2 "पाने" 0.5 58 374 1 1 4 10 0 1
"882" 53 11 1 "को" 0 8766 25348 2 12 2 10 0 1
"883" 53 12 2 "रात" 0 177 182 4 33 3 12 0 1
"884" 53 13 2 "आंखों" 1 31 47 1 1 5 13 0 1
"885" 53 14 1 "में" 1 12692 25348 16 3 3 13 0 1
"886" 53 15 1 "ही" 0 1862 1863 100 59 2 13 0 1
"887" 53 16 2 "काट" 0 10 45 1 1 3 16 0 1
"888" 53 17 1 "दी" 0 843 3918 2 2 2 17 22 0
"889" 53 18 1 "।" 0 19415 18846 214 774 1 17 0 0
"890" 54 1 3 "आमिर" 1 23 23 NA NA 4 1 0 1
"891" 54 2 1 "ने" 0.5 6947 12697 6 NA 2 1 0 1
"892" 54 3 1 "भी" 0 3079 3081 147 232 2 1 0 1
"893" 54 4 3 "अपने" 0.5 826 1621 20 38 4 4 0 2
"894" 54 5 3 "चाहने" 0.5 2 343 1 1 5 4 0 2
"895" 54 6 2 "वालों" 0.5 83 1196 1 1 5 4 0 1
"896" 54 7 1 "को" 0 8766 25348 21 30 2 4 0 1
"897" 54 8 3 "मायुस" 0.5 NA NA NA NA 5 9 0 1
"898" 54 9 2 "नहीं" 0.5 2830 NA NA NA 4 9 0 1
"899" 54 10 2 "किया" 1 1984 9800 139 NA 4 9 13 0
"900" 54 11 1 "।" 0 19415 18846 309 1049 1 9 0 0
"901" 55 1 3 "शूटिंग" 2 19 19 NA NA 6 1 0 1
"902" 55 2 1 "के" 0.5 18820 25348 5 1 2 1 0 2
"903" 55 3 3 "दौरान" 0 485 486 412 2 5 1 0 1
"904" 55 4 2 "जब" 0 340 341 2 2 2 4 0 2
"905" 55 5 1 "भी" 0 3079 3081 7 7 2 4 0 2
"906" 55 6 2 "वक्त" 1.5 100 100 2 2 4 6 0 2
"907" 55 7 2 "मिला" 1 87 938 2 3 4 7 6 1
"908" 55 8 3 "आमिर" 1 23 23 NA NA 4 8 0 2
"909" 55 9 1 "ने" 0.5 6947 12697 6 NA 2 8 0 2
"910" 55 10 2 "लोगों" 0.5 767 1172 9 24 5 10 0 2
"911" 55 11 1 "को" 0 8766 25348 229 246 2 10 0 2
"912" 55 12 4 "ऑटोग्राफ" 1.5 1 1 1 NA 8 12 0 2
"913" 55 13 2 "दिए" 1 270 3918 1 1 3 13 6 0
"914" 55 14 2 "और" 0 5122 5122 4 55 2 14 0 1
"915" 55 15 3 "उनके" 0.5 565 6262 71 353 4 15 0 2
"916" 55 16 2 "साथ" 0 1188 1190 33 53 3 15 0 1
"917" 55 17 2 "फोटो" 0 23 23 7 7 4 17 0 1
"918" 55 18 4 "खिंचवाए" 1.5 2 3 1 2 7 18 1 0
"919" 55 19 1 "।" 0 19415 18846 2 3 1 18 0 0
"920" 56 1 3 "शूटिंग" 2 19 19 NA NA 6 1 0 1
"921" 56 2 3 "देखने" 1 96 486 1 2 5 2 0 1
"922" 56 3 1 "के" 0.5 18820 25348 34 18 2 2 0 2
"923" 56 4 2 "लिए" 1 2612 2527 2346 1 3 2 0 1
"924" 56 5 4 "पहुंचने" 1.5 51 354 NA 4 7 5 2 1
"925" 56 6 2 "वाले" 0.5 664 1196 5 13 4 5 0 2
"926" 56 7 2 "खास" 0 62 67 1 1 3 5 0 2
"927" 56 8 2 "लोगों" 0.5 767 1172 1 1 5 5 2 1
"928" 56 9 1 "में" 1 12692 25348 27 246 3 5 0 1
"929" 56 10 4 "झज्जर" 0.5 6 6 1 NA 5 10 0 1
"930" 56 11 1 "के" 0.5 18820 25348 3 2 2 10 0 2
"931" 56 12 2 "डीसी" 0 5 5 3 4 4 10 1 1
"932" 56 13 2 "वहां" 0.5 187 240 NA NA 4 13 0 1
"933" 56 14 3 "पहुंचे" 1.5 76 354 5 10 6 14 1 0
"934" 56 15 2 "और" 0 5122 5122 8 20 2 15 0 1
"935" 56 16 3 "करीब" 0 207 211 2 2 4 16 0 2
"936" 56 17 2 "साढ़े" 0.5 27 20 8 5 4 16 0 2
"937" 56 18 2 "11" 0 11 11 NA NA 2 16 0 2
"938" 56 19 2 "बजे" 0.5 163 111 2 1 3 16 0 1
"939" 56 20 2 "तक" 0 1014 1015 27 17 2 16 0 1
"940" 56 21 3 "शूटिंग" 2 19 19 1 1 6 21 0 1
"941" 56 22 2 "देखी" 0.5 17 486 1 2 4 22 2 0
"942" 56 23 1 "।" 0 19415 18846 2 24 1 22 0 0
"943" 57 1 4 "उन्होंने" 1.5 1693 6262 NA NA 8 1 0 1
"944" 57 2 3 "आमिर" 1 23 23 1 1 4 2 0 1
"945" 57 3 1 "के" 0.5 18820 25348 3 3 2 2 0 2
"946" 57 4 2 "साथ" 0 1188 1190 757 21 3 2 0 1
"947" 57 5 2 "फोटो" 0 23 23 7 7 4 5 0 1
"948" 57 6 1 "भी" 0 3079 3081 3 3 2 5 0 1
"949" 57 7 4 "खिंचवाए" 1.5 2 3 1 1 7 7 10 0
"950" 57 8 1 "।" 0 19415 18846 2 3 1 7 0 0
"951" 58 1 3 "दूसरे" 1 193 2116 NA NA 5 1 0 2
"952" 58 2 4 "अफ़सरों" 1 NA NA NA NA 7 1 0 1
"953" 58 3 1 "व" 0 968 968 NA NA 1 3 0 2
"954" 58 4 3 "उनके" 0.5 565 6262 15 37 4 4 0 2
"955" 58 5 4 "परिवार" 1 198 209 11 19 6 4 0 1
"956" 58 6 2 "वालों" 0.5 83 1196 7 11 5 4 0 1
"957" 58 7 1 "की" 0 11321 25348 19 30 2 4 0 2
"958" 58 8 1 "भी" 0 3079 3081 86 189 2 4 0 2
"959" 58 9 3 "आमिर" 1 23 23 2 2 4 9 0 1
"960" 58 10 1 "को" 0 8766 25348 2 3 2 9 0 1
"961" 58 11 4 "नज़दीक" 0.5 NA NA NA NA 6 11 0 1
"962" 58 12 1 "से" 0.5 7203 25348 NA NA 2 11 0 1
"963" 58 13 3 "देखने" 1 96 486 5 4 5 13 4 1
"964" 58 14 1 "की" 0 11321 25348 8 18 2 13 0 2
"965" 58 15 3 "चाहत" 0 2 2 2 2 4 17 10 1
"966" 58 16 2 "पूरी" 0.5 241 566 1 1 4 17 0 1
"967" 58 17 2 "हुई" 0.5 591 5915 2 49 3 17 1 0
"968" 58 18 1 "।" 0 19415 18846 117 886 1 17 0 0
"969" 59 1 3 "शूटिंग" 2 19 19 NA NA 6 1 0 1
"970" 59 2 2 "पूरी" 0.5 241 566 1 1 4 2 0 1
"971" 59 3 2 "होने" 0.5 745 5915 10 49 4 3 0 1
"972" 59 4 2 "पर" 0 5002 7193 41 69 2 3 0 1
"973" 59 5 3 "आमिर" 1 23 23 1 NA 4 5 0 1
"974" 59 6 2 "खान" 0 100 951 5 NA 3 5 0 1
"975" 59 7 1 "के" 0.5 18820 25348 13 211 2 5 0 2
"976" 59 8 2 "साथ" 0 1188 1190 757 21 3 5 0 1
"977" 59 9 3 "लगान" 0 3 3 1 1 4 9 0 1
"978" 59 10 1 "व" 0 968 968 1 1 1 9 0 2
"979" 59 11 3 "गुलाम" 0.5 22 22 2 2 5 9 0 1
"980" 59 12 3 "फिल्म" 1.5 107 135 1 1 5 9 0 1
"981" 59 13 1 "में" 1 12692 25348 11 25 3 9 0 1
"982" 59 14 2 "काम" 0 344 349 36 88 3 14 0 1
"983" 59 15 2 "कर" 0 2277 9800 52 145 2 15 9 1
"984" 59 16 2 "चुके" 1 159 344 29 60 4 15 0 1
"985" 59 17 3 "अमीन" 0 10 10 NA NA 4 17 0 1
"986" 59 18 2 "भाई" 0 134 159 2 2 3 17 0 1
"987" 59 19 1 "की" 0 11321 25348 4 19 2 17 0 2
"988" 59 20 3 "36वां" 0.5 NA NA NA NA 5 17 0 2
"989" 59 21 5 "सालगिरह" 1 NA NA NA NA 7 17 2 1
"990" 59 22 2 "सेट" 0.5 16 17 NA NA 3 22 0 1
"991" 59 23 2 "पर" 0 5002 7193 4 NA 2 22 0 1
"992" 59 24 1 "ही" 0 1862 1863 61 91 2 22 0 1
"993" 59 25 3 "मनाई" 0 NA NA NA NA 4 25 26 0
"994" 59 26 2 "गई" 0 1045 7560 NA NA 2 25 0 0
"995" 59 27 1 "।" 0 19415 18846 298 1871 1 25 0 0
"996" 60 1 3 "अमीन" 0 10 10 NA NA 4 1 0 1
"997" 60 2 2 "भाई" 0 134 159 2 2 3 1 0 1
"998" 60 3 1 "के" 0.5 18820 25348 7 19 2 1 0 2
"999" 60 4 2 "साथ" 0 1188 1190 757 21 3 1 0 1
"1000" 60 5 3 "आमिर" 1 23 23 1 1 4 5 0 1
"1001" 60 6 1 "ने" 0.5 6947 12697 6 NA 2 5 0 1
"1002" 60 7 2 "केक" 0.5 2 2 1 NA 3 7 0 1
"1003" 60 8 2 "काटा" 0 4 45 1 1 4 8 7 0
"1004" 60 9 2 "और" 0 5122 5122 1 2 2 9 0 1
"1005" 60 10 3 "यूनिट" 1.5 12 13 1 1 5 10 0 1
"1006" 60 11 1 "के" 0.5 18820 25348 4 5 2 10 0 2
"1007" 60 12 3 "साथियों" 1.5 12 34 NA 2 7 12 1 1
"1008" 60 13 1 "ने" 0.5 6947 12697 2 NA 2 12 0 1
"1009" 60 14 3 "अमीन" 0 10 10 1 NA 4 14 0 1
"1010" 60 15 1 "को" 0 8766 25348 1 NA 2 14 0 1
"1011" 60 16 5 "सालगिरह" 1 NA NA NA NA 7 16 0 1
"1012" 60 17 1 "की" 0 11321 25348 NA NA 2 16 0 2
"1013" 60 18 6 "मुबारकबाद" 0.5 1 1 NA NA 9 16 1 1
"1014" 60 19 1 "दी" 0 843 3918 1 1 2 19 10 0
"1015" 60 20 1 "।" 0 19415 18846 214 774 1 19 0 0
"1016" 61 1 2 "केक" 0.5 2 2 NA NA 3 1 0 1
"1017" 61 2 3 "शूटिंग" 2 19 19 1 1 6 2 0 1
"1018" 61 3 1 "में" 1 12692 25348 1 1 3 2 0 1
"1019" 61 4 4 "असलह" 0 NA NA NA NA 4 4 0 1
"1020" 61 5 1 "के" 0.5 18820 25348 NA NA 2 4 0 2
"1021" 61 6 2 "रूप" 0.5 400 402 155 7 3 4 0 1
"1022" 61 7 1 "में" 1 12692 25348 169 NA 3 4 0 1
"1023" 61 8 5 "इस्तेमाल" 1 133 133 16 79 8 9 0 1
"1024" 61 9 2 "किए" 1 458 9800 4 67 3 9 10 1
"1025" 61 10 1 "जा" 0 929 7560 38 1819 2 9 0 1
"1026" 61 11 2 "रहे" 0.5 988 3304 97 532 3 9 0 2
"1027" 61 12 3 "करीब" 0 207 211 2 2 4 12 0 2
"1028" 61 13 2 "एक" 0 2107 2116 8 8 2 12 0 2
"1029" 61 14 2 "फुट" 0.5 21 23 1 1 3 12 0 2
"1030" 61 15 2 "लंबे" 1 18 70 2 3 4 12 0 2
"1031" 61 16 2 "चाकू" 0.5 2 2 1 1 4 12 6 1
"1032" 61 17 1 "से" 0.5 7203 25348 1 NA 2 12 0 1
"1033" 61 18 2 "काटा" 0 4 45 1 NA 4 18 17 0
"1034" 61 19 2 "गया" 0 1961 7560 1 2 3 18 0 0
"1035" 61 20 1 "।" 0 19415 18846 538 1871 1 18 0 0
"1036" 62 1 4 "हरियाणा" 1 97 97 NA NA 7 1 0 1
"1037" 62 2 1 "में" 1 12692 25348 14 16 3 1 0 1
"1038" 62 3 2 "अभी" 0 276 603 26 9 3 3 0 1
"1039" 62 4 2 "तक" 0 1014 1015 94 103 2 3 0 1
"1040" 62 5 4 "मानसून" 0.5 70 70 2 2 6 5 0 1
"1041" 62 6 2 "भले" 0.5 58 35 1 NA 3 6 0 1
"1042" 62 7 1 "ही" 0 1862 1863 48 31 2 6 0 1
"1043" 62 8 2 "नहीं" 0.5 2830 NA 76 NA 4 6 0 1
"1044" 62 9 3 "पहुंचा" 1 48 354 8 NA 6 6 15 0
"1045" 62 10 2 "है," 0.5 NA NA NA NA 3 6 0 0
"1046" 62 11 3 "लेकिन" 1.5 859 859 NA NA 5 11 0 1
"1047" 62 12 3 "मंगल" 0.5 6 6 NA NA 4 12 0 1
"1048" 62 13 1 "की" 0 11321 25348 1 1 2 12 0 2
"1049" 62 14 2 "रात" 0 177 182 32 33 3 12 1 1
"1050" 62 15 4 "झज्जर" 0.5 6 6 1 1 5 15 0 1
"1051" 62 16 1 "में" 1 12692 25348 1 2 3 15 0 1
"1052" 62 17 4 "निर्देशक" 2.5 7 10 1 NA 8 17 0 1
"1053" 62 18 3 "केतन" 0.5 1 1 1 1 4 18 0 1
"1054" 62 19 3 "मेहता" 0.5 16 16 1 1 5 18 0 1
"1055" 62 20 1 "ने" 0.5 6947 12697 8 NA 2 18 0 1
"1056" 62 21 4 "जमकर" 0 63 59 7 5 4 21 0 1
"1057" 62 22 3 "बारिश" 1 176 176 1 1 5 23 0 1
"1058" 62 23 3 "कराई" 0 41 420 1 1 4 23 19 0
"1059" 62 24 1 "।" 0 19415 18846 7 46 1 23 0 0
"1060" 63 1 3 "यूनिट" 1.5 12 13 NA NA 5 1 0 1
"1061" 63 2 1 "के" 0.5 18820 25348 4 5 2 1 0 2
"1062" 63 3 3 "करीब" 0 207 211 26 17 4 1 0 2
"1063" 63 4 1 "सौ" 0 66 66 2 2 2 1 0 2
"1064" 63 5 3 "साथियों" 1.5 12 34 NA NA 7 1 3 1
"1065" 63 6 1 "ने" 0.5 6947 12697 2 NA 2 1 0 1
"1066" 63 7 3 "उन्हें" 1.5 549 6262 57 285 6 7 0 1
"1067" 63 8 6 "मुबारकबाद" 0.5 1 1 NA NA 9 8 0 1
"1068" 63 9 1 "दी" 0 843 3918 1 1 2 9 4 0
"1069" 63 10 1 "।" 0 19415 18846 214 774 1 9 0 0
"1070" 64 1 3 "अमीन" 0 10 10 NA NA 4 1 0 1
"1071" 64 2 1 "के" 0.5 18820 25348 1 NA 2 1 0 2
"1072" 64 3 4 "मुताबिक" 1.5 392 405 371 NA 7 1 0 1
"1073" 64 4 2 "द	0	NA	NA	NA	NA	2
64	5	5	राइजिंग" 1.5 NA NA NA NA 8 4 0 1
"1074" 64 6 2 "अब" 0 598 603 NA NA 2 6 0 1
"1075" 64 7 2 "तक" 0 1014 1015 101 103 2 6 0 1
"1076" 64 8 3 "करीब" 0 207 211 2 2 4 8 0 2
"1077" 64 9 2 "95" 0 NA NA NA NA 2 8 0 2
"1078" 64 10 3 "फीसदी" 0 304 304 NA NA 5 8 0 1
"1079" 64 11 2 "पूरी" 0.5 241 566 1 1 4 12 0 1
"1080" 64 12 1 "हो" 0 1646 14482 9 NA 2 12 17 0
"1081" 64 13 2 "चुकी" 0.5 100 344 31 NA 4 12 0 0
"1082" 64 14 1 "है" 0.5 10733 14482 71 285 2 12 0 0
"1083" 64 15 1 "।" 0 19415 18846 6561 8730 1 12 0 0
"1084" 65 1 4 "झज्जर" 0.5 6 6 NA NA 5 1 0 1
"1085" 65 2 1 "के" 0.5 18820 25348 3 2 2 1 0 2
"1086" 65 3 2 "बाद" 0 1294 1294 861 2 3 1 0 1
"1087" 65 4 3 "फिल्म" 1.5 107 135 2 2 5 4 0 1
"1088" 65 5 1 "की" 0 11321 25348 3 25 2 4 0 2
"1089" 65 6 3 "शूटिंग" 2 19 19 7 7 6 4 1 1
"1090" 65 7 3 "लद्दाख" 1.5 7 7 1 1 6 7 0 1
"1091" 65 8 2 "और" 0 5122 5122 1 1 2 8 0 2
"1092" 65 9 2 "नूंह" 1 1 1 NA NA 4 9 0 1
"1093" 65 10 1 "में" 1 12692 25348 1 NA 3 9 0 1
"1094" 65 11 1 "की" 0 11321 25348 23 3 2 11 14 0
"1095" 65 12 3 "जाएगी" 0 199 7560 71 4 5 11 0 0
"1096" 65 13 1 "।" 0 19415 18846 156 1871 1 11 0 0
"1097" 66 1 3 "इसके" 0.5 801 8126 NA NA 4 1 0 2
"1098" 66 2 2 "बाद" 0 1294 1294 154 152 3 1 0 1
"1099" 66 3 3 "यूनिट" 1.5 12 13 1 1 5 3 0 1
"1100" 66 4 4 "सितंबर" 1.5 65 67 1 1 6 4 0 1
"1101" 66 5 1 "में" 1 12692 25348 10 1 3 4 0 1
"1102" 66 6 2 "एक" 0 2107 2116 201 373 2 6 0 1
"1103" 66 7 2 "बार" 0 334 334 73 73 3 6 0 1
"1104" 66 8 2 "फिर" 1 237 238 43 43 3 6 0 1
"1105" 66 9 4 "झज्जर" 0.5 6 6 1 1 5 9 0 1
"1106" 66 10 3 "लौटेगी" 0.5 1 84 1 1 6 10 18 0
"1107" 66 11 1 "।" 0 19415 18846 1 9 1 10 0 0
"1108" 67 1 2 "यहां" 0.5 319 566 NA NA 4 1 0 1
"1109" 67 2 2 "एक" 0 2107 2116 15 23 2 2 0 2
"1110" 67 3 4 "कव्वाली" 0.5 1 1 1 1 7 2 0 1
"1111" 67 4 1 "की" 0 11321 25348 NA 1 2 2 0 2
"1112" 67 5 3 "शूटिंग" 2 19 19 7 7 6 6 1 1
"1113" 67 6 1 "की" 0 11321 25348 1 1 2 6 4 0
"1114" 67 7 3 "जाएगी" 0 199 7560 71 4 5 6 0 0
"1115" 67 8 1 "।" 0 19415 18846 156 1871 1 6 0 0
"1116" 68 1 2 "वैसे" 1 50 34 NA NA 4 1 0 1
"1117" 68 2 1 "तो" 0 1349 1349 2 1 2 1 0 1
"1118" 68 3 2 "यहां" 0.5 319 566 9 11 4 3 0 1
"1119" 68 4 3 "फिल्म" 1.5 107 135 1 1 5 4 0 1
"1120" 68 5 1 "की" 0 11321 25348 3 25 2 4 0 2
"1121" 68 6 3 "शूटिंग" 2 19 19 7 7 6 4 1 1
"1122" 68 7 2 "छह" 0 132 135 1 1 2 7 0 2
"1123" 68 8 2 "दिनों" 1.5 118 483 1 1 5 7 0 1
"1124" 68 9 2 "तक" 0 1014 1015 11 24 2 7 0 1
"1125" 68 10 2 "चली" 0 47 469 14 33 3 10 10 0
"1126" 68 11 2 "है," 0.5 NA NA NA NA 3 10 0 0
"1127" 68 12 3 "लेकिन" 1.5 859 859 NA NA 5 12 0 1
"1128" 68 13 3 "फिल्म" 1.5 107 135 1 1 5 13 0 1
"1129" 68 14 1 "में" 1 12692 25348 11 25 3 13 0 1
"1130" 68 15 3 "दुजाना" 0.5 1 1 1 NA 6 15 0 1
"1131" 68 16 2 "और" 0 5122 5122 1 1 2 15 0 2
"1132" 68 17 4 "झज्जर" 0.5 6 6 1 1 5 15 0 1
"1133" 68 18 1 "के" 0.5 18820 25348 3 2 2 15 0 2
"1134" 68 19 2 "सीन" 0 3 3 2 2 3 15 3 1
"1135" 68 20 2 "कुल" 0.5 73 73 1 1 3 20 0 1
"1136" 68 21 4 "मिलाकर" 1 12 32 10 10 6 20 0 1
"1137" 68 22 1 "3" 0 15 15 NA NA 1 22 0 1
"1138" 68 23 1 "से" 0.5 7203 25348 1 NA 2 22 0 1
"1139" 68 24 1 "4" 0 6 6 NA NA 1 22 0 1
"1140" 68 25 3 "मिनट" 1 67 69 NA NA 4 22 0 1
"1141" 68 26 1 "के" 0.5 18820 25348 10 10 2 22 0 2
"1142" 68 27 1 "ही" 0 1862 1863 27 59 2 27 21 1
"1143" 68 28 2 "होंगे" 1 118 5915 4 32 5 27 0 1
"1144" 68 29 1 "।" 0 19415 18846 99 886 1 27 0 0
"1145" 69 1 3 "आमिर" 1 23 23 NA NA 4 1 0 1
"1146" 69 2 2 "खान" 0 100 951 5 NA 3 1 0 1
"1147" 69 3 1 "ने" 0.5 6947 12697 27 96 2 1 0 1
"1148" 69 4 2 "यहां" 0.5 319 566 34 21 4 4 0 1
"1149" 69 5 2 "लोगों" 0.5 767 1172 NA 1 5 5 0 1
"1150" 69 6 1 "के" 0.5 18820 25348 150 246 2 5 0 2
"1151" 69 7 2 "साथ" 0 1188 1190 757 21 3 5 0 1
"1152" 69 8 2 "फोटो" 0 23 23 7 7 4 8 0 1
"1153" 69 9 4 "खिंचवाई" 1.5 1 3 1 2 7 9 13 0
"1154" 69 10 1 "।" 0 19415 18846 1 3 1 9 0 0
"1155" 70 1 2 "यह" 0 1750 8126 NA NA 2 1 0 1
"1156" 70 2 4 "देखकर" 0.5 57 486 3 11 5 1 0 1
"1157" 70 3 2 "भीड़" 0 60 44 1 NA 3 3 0 1
"1158" 70 4 1 "में" 1 12692 25348 6 3 3 3 0 1
"1159" 70 5 2 "खड़ी" 0 20 61 4 NA 3 5 3 2
"1160" 70 6 2 "एक" 0 2107 2116 2 2 2 6 0 2
"1161" 70 7 3 "औरत" 0 6 9 NA NA 3 6 1 1
"1162" 70 8 3 "चिल्लाई" 2.5 1 10 NA NA 7 8 0 0
"1163" 70 9 3 "मुझे	1	NA	NA	NA	NA	5
70	10	1	भी	0	3079	3081	NA	NA	2
70	11	3	आमिर	1	23	23	2	2	4
70	12	1	के	0.5	18820	25348	3	3	2
70	13	2	साथ	0	1188	1190	757	21	3
70	14	2	फोटो	0	23	23	7	7	4
70	15	4	खिंचवानी	1.5	NA	NA	NA	NA	8
70	16	2	है,	0.5	NA	NA	NA	NA	3
70	17	2	तुम	0.5	98	268	NA	NA	3
70	18	2	आओ	0	4	1109	NA	NA	2
70	19	1	या	0	347	347	NA	2	2
70	20	1	न	0	424	2829	3	30	1
70	21	3	आओ" 0 NA NA NA NA 3 9 0 1
"1164" 70 22 1 "।" 0 19415 18846 NA NA 1 19 0 0
"1165" 71 1 2 "और" 0 5122 5122 NA NA 2 1 0 1
"1166" 71 2 2 "वह" 0 835 6262 38 353 2 2 0 1
"1167" 71 3 2 "भीड़" 0 60 44 2 2 3 3 0 1
"1168" 71 4 1 "को" 0 8766 25348 10 3 2 3 0 1
"1169" 71 5 3 "चीरती" 0 1 1 1 NA 5 5 3 1
"1170" 71 6 2 "हुई" 0.5 591 5915 1 1 3 5 0 1
"1171" 71 7 3 "आमिर" 1 23 23 1 1 4 7 0 1
"1172" 71 8 1 "के" 0.5 18820 25348 3 3 2 7 0 2
"1173" 71 9 2 "साथ" 0 1188 1190 757 21 3 7 0 1
"1174" 71 10 2 "फोटो" 0 23 23 7 7 4 10 0 1
"1175" 71 11 4 "खिंचवाने" 2 1 1 1 1 8 11 3 1
"1176" 71 12 1 "को" 0 8766 25348 1 NA 2 11 0 1
"1177" 71 13 4 "सटकर" 0 1 14 1 NA 4 13 0 1
"1178" 71 14 2 "खड़ी" 0 20 61 1 1 3 14 10 0
"1179" 71 15 1 "हो" 0 1646 14482 4 3 2 14 0 0
"1180" 71 16 2 "गई" 0 1045 7560 179 NA 2 14 0 0
"1181" 71 17 1 "।" 0 19415 18846 298 1871 1 14 0 0
"1182" 72 1 3 "आमिर" 1 23 23 NA NA 4 1 0 1
"1183" 72 2 1 "ने" 0.5 6947 12697 6 NA 2 1 0 1
"1184" 72 3 2 "पूछा" 0.5 44 141 2 36 4 3 0 0
"1185" 72 4 1 "कि" 1 6478 25348 7 1 2 4 0 1
"1186" 72 5 3 "उसके" 0.5 260 6262 18 71 4 5 0 2
"1187" 72 6 2 "पास" 0 333 332 11 36 3 5 0 1
"1188" 72 7 3 "कैमरा" 0.5 2 5 1 1 5 7 0 1
"1189" 72 8 1 "है" 0.5 10733 14482 1 1 2 8 1 0
"1190" 72 9 3 "क्या," 0.5 NA NA NA NA 5 8 0 0
"1191" 72 10 1 "तो" 0 1349 1349 NA NA 2 10 0 1
"1192" 72 11 3 "औरत" 0 6 9 NA 1 3 11 0 1
"1193" 72 12 1 "ने" 0.5 6947 12697 NA NA 2 11 0 1
"1194" 72 13 2 "सिर" 1 49 49 1 NA 3 13 0 1
"1195" 72 14 4 "हिलाकर" 1 4 7 1 1 6 14 0 1
"1196" 72 15 2 "मना" 0 30 74 1 1 3 15 7 0
"1197" 72 16 2 "कर" 0 2277 9800 17 22 2 15 0 0
"1198" 72 17 2 "दिया" 1 1306 3918 445 753 4 15 0 0
"1199" 72 18 1 "।" 0 19415 18846 365 774 1 15 0 0
"1200" 73 1 3 "आमिर" 1 23 23 NA NA 4 1 0 1
"1201" 73 2 1 "ने" 0.5 6947 12697 6 NA 2 1 0 1
"1202" 73 3 2 "पास" 0 333 332 1 5 3 3 0 2
"1203" 73 4 2 "खड़े" 0.5 30 61 1 1 3 4 0 2
"1204" 73 5 2 "एक" 0 2107 2116 2 2 2 5 0 2
"1205" 73 6 5 "फोटोग्राफर" 1 1 3 1 1 10 5 1 1
"1206" 73 7 1 "को" 0 8766 25348 1 NA 2 5 0 1
"1207" 73 8 3 "बुलाया" 0.5 28 102 8 NA 6 8 7 0
"1208" 73 9 2 "और" 0 5122 5122 2 6 2 9 0 1
"1209" 73 10 3 "औरत" 0 6 9 NA NA 3 10 0 1
"1210" 73 11 1 "के" 0.5 18820 25348 1 2 2 10 0 2
"1211" 73 12 2 "साथ" 0 1188 1190 757 21 3 10 0 1
"1212" 73 13 2 "फोटो" 0 23 23 7 7 4 13 0 1
"1213" 73 14 3 "खींचने" 1 8 30 1 3 6 14 3 1
"1214" 73 15 2 "तथा" 0 302 302 1 1 3 15 0 2
"1215" 73 16 3 "औरत" 0 6 9 NA NA 3 16 0 1
"1216" 73 17 1 "को" 0 8766 25348 NA 2 2 16 0 1
"1217" 73 18 2 "फोटो" 0 23 23 1 4 4 18 0 1
"1218" 73 19 2 "देने" 1 480 3918 1 1 4 19 2 1
"1219" 73 20 1 "को" 0 8766 25348 24 182 2 19 0 1
"1220" 73 21 2 "कहा" 0 3192 3906 159 303 3 21 1 0
"1221" 73 22 1 "।" 0 19415 18846 37 68 1 21 0 0
"1222" 74 1 3 "इतना" 0 77 130 NA NA 4 1 0 1
"1223" 74 2 1 "ही" 0 1862 1863 16 18 2 1 0 1
"1224" 74 3 2 "नहीं" 0.5 2830 NA 76 NA 4 1 0 1
"1225" 74 4 3 "मेहता" 0.5 16 16 NA NA 5 4 0 1
"1226" 74 5 1 "के" 0.5 18820 25348 1 2 2 4 0 2
"1227" 74 6 3 "इशारे" 0.5 12 33 9 12 5 4 1 1
"1228" 74 7 1 "से" 0.5 7203 25348 NA 3 2 4 0 1
"1229" 74 8 4 "आसमान" 0 10 10 1 NA 5 8 0 1
"1230" 74 9 1 "में" 1 12692 25348 3 NA 3 8 0 1
"1231" 74 10 3 "बिजली" 1 109 109 15 4 5 10 0 1
"1232" 74 11 1 "भी" 0 3079 3081 1 1 2 10 0 1
"1233" 74 12 2 "कौंधी" 0.5 1 2 1 1 5 12 9 0
"1234" 74 13 1 "।" 0 19415 18846 1 1 1 12 0 0
"1235" 75 1 3 "बिजली" 1 109 109 NA NA 5 1 0 1
"1236" 75 2 1 "की" 0 11321 25348 21 29 2 1 0 2
"1237" 75 3 2 "कौंध" 0.5 1 2 1 1 4 1 1 1
"1238" 75 4 2 "और" 0 5122 5122 1 1 2 4 0 2
"1239" 75 5 4 "झमाझम" 0 6 6 1 1 5 5 0 1
"1240" 75 6 3 "बारिश" 1 176 176 5 5 5 5 0 1
"1241" 75 7 1 "के" 0.5 18820 25348 26 19 2 5 0 2
"1242" 75 8 2 "बीच" 0 564 563 420 1 3 5 0 1
"1243" 75 9 3 "मेहता" 0.5 16 16 1 1 5 9 0 1
"1244" 75 10 1 "ने" 0.5 6947 12697 8 NA 2 9 0 1
"1245" 75 11 3 "अपनी" 0 539 1621 74 100 4 11 0 2
"1246" 75 12 3 "फिल्म" 1.5 107 135 2 6 5 11 0 1
"1247" 75 13 2 "द	0	NA	NA	NA	NA	2
75	14	5	राइजिंग" 1.5 NA NA NA NA 8 11 0 1
"1248" 75 15 1 "के" 0.5 18820 25348 NA NA 2 11 0 2
"1249" 75 16 2 "कई" 0 447 449 60 75 2 11 0 2
"1250" 75 17 2 "सीन" 0 3 3 1 1 3 11 2 1
"1251" 75 18 2 "शूट" 0.5 1 1 1 1 3 19 0 1
"1252" 75 19 2 "किए" 1 458 9800 1 1 3 19 22 0
"1253" 75 20 1 "।" 0 19415 18846 34 1049 1 19 0 0
"1254" 76 1 3 "आमिर" 1 23 23 NA NA 4 1 0 1
"1255" 76 2 2 "खान" 0 100 951 5 NA 3 1 0 1
"1256" 76 3 1 "ने" 0.5 6947 12697 27 96 2 1 0 1
"1257" 76 4 3 "मंगल" 0.5 6 6 NA NA 4 4 0 1
"1258" 76 5 2 "पांडे" 1 14 14 1 1 5 4 0 1
"1259" 76 6 1 "के" 0.5 18820 25348 3 2 2 4 0 2
"1260" 76 7 2 "रोल" 0 7 7 NA NA 3 4 1 1
"1261" 76 8 1 "में" 1 12692 25348 NA 1 3 4 0 1
"1262" 76 9 3 "दूसरे" 1 193 2116 NA 373 5 9 0 2
"1263" 76 10 4 "कलाकारों" 0.5 2 7 NA NA 8 9 0 1
"1264" 76 11 1 "के" 0.5 18820 25348 1 2 2 9 0 2
"1265" 76 12 2 "साथ" 0 1188 1190 757 21 3 9 0 1
"1266" 76 13 2 "यहां" 0.5 319 566 3 4 4 13 0 1
"1267" 76 14 2 "रात" 0 177 182 1 1 3 14 0 1
"1268" 76 15 2 "भर" 0 153 12697 2 17 2 14 0 1
"1269" 76 16 3 "शूटिंग" 2 19 19 2 1 6 17 0 1
"1270" 76 17 1 "की" 0 11321 25348 1 1 2 17 33 0
"1271" 76 18 1 "।" 0 19415 18846 284 13 1 17 0 0
"1272" 77 1 3 "साज़िश" 1.5 NA NA NA NA 6 1 0 1
"1273" 77 2 1 "को" 0 8766 25348 NA NA 2 1 0 1
"1274" 77 3 3 "लेकर" 0.5 449 1763 283 3 4 3 1 1
"1275" 77 4 1 "ही" 0 1862 1863 2 6 2 3 0 1
"1276" 77 5 2 "रात" 0 177 182 1 1 3 5 0 1
"1277" 77 6 2 "भर" 0 153 12697 2 17 2 5 0 1
"1278" 77 7 3 "शूटिंग" 2 19 19 2 1 6 8 0 1
"1279" 77 8 2 "होती" 0 126 5915 1 1 4 8 6 0
"1280" 77 9 2 "रही" 0 848 3304 7 192 3 8 0 0
"1281" 77 10 1 "।" 0 19415 18846 47 327 1 8 0 0
"1282" 78 1 3 "सुबह" 0.5 164 164 NA NA 4 1 0 1
"1283" 78 2 2 "साढ़े" 0.5 27 20 5 5 4 1 0 2
"1284" 78 3 2 "चार" 0 237 266 7 5 3 1 0 2
"1285" 78 4 2 "बजे" 0.5 163 111 11 6 3 1 0 1
"1286" 78 5 2 "शॉट" 0.5 6 6 1 NA 3 5 0 1
"1287" 78 6 2 "ओके" 0.5 3 3 1 1 3 7 0 1
"1288" 78 7 2 "होने" 0.5 745 5915 1 1 4 7 3 1
"1289" 78 8 1 "के" 0.5 18820 25348 207 212 2 7 0 2
"1290" 78 9 2 "बाद" 0 1294 1294 861 2 3 7 0 1
"1291" 78 10 3 "शूटिंग" 2 19 19 1 1 6 10 0 1
"1292" 78 11 1 "का" 0 5500 25348 1 1 2 10 0 2
"1293" 78 12 2 "काम" 0 344 349 67 88 3 10 1 1
"1294" 78 13 2 "थम" 0 2 12 1 1 2 13 5 0
"1295" 78 14 2 "गया" 0 1961 7560 1 1 3 13 0 0
"1296" 78 15 1 "।" 0 19415 18846 538 1871 1 13 0 0
"1297" 79 1 3 "इससे" 0.5 333 8126 NA NA 4 1 0 2
"1298" 79 2 3 "पहले" 0.5 700 587 103 113 4 1 0 1
"1299" 79 3 4 "शाहबाज" 0 1 1 1 1 6 3 0 1
"1300" 79 4 2 "खान" 0 100 951 1 NA 3 3 0 1
"1301" 79 5 1 "व" 0 968 968 4 19 1 3 0 2
"1302" 79 6 3 "दूसरे" 1 193 2116 1 7 5 3 0 2
"1303" 79 7 3 "साथियों" 1.5 12 34 1 2 7 3 0 1
"1304" 79 8 1 "की" 0 11321 25348 2 3 2 3 0 2
"1305" 79 9 3 "मदद" 0 188 188 71 71 3 3 4 1
"1306" 79 10 1 "से" 0.5 7203 25348 36 20 2 3 0 1
"1307" 79 11 3 "कंपनी" 0.5 182 350 2 17 5 11 0 1
"1308" 79 12 1 "के" 0.5 18820 25348 42 102 2 11 0 2
"1309" 79 13 2 "साथ" 0 1188 1190 757 21 3 11 0 1
"1310" 79 14 3 "लड़ाई" 0 31 18 2 1 4 14 17 1
"1311" 79 15 2 "और" 0 5122 5122 2 NA 2 15 0 2
"1312" 79 16 2 "31" 0 9 9 NA NA 2 16 0 1
"1313" 79 17 2 "मई" 0 74 74 NA NA 2 16 0 1
"1314" 79 18 1 "को" 0 8766 25348 24 7 2 16 0 1
"1315" 79 19 3 "आजादी" 0 14 15 2 3 5 19 0 1
"1316" 79 20 1 "की" 0 11321 25348 3 7 2 19 0 2
"1317" 79 21 3 "योजना" 0 269 334 68 77 5 19 1 1
"1318" 79 22 3 "बनाने" 0.5 223 649 2 23 5 22 4 1
"1319" 79 23 1 "के" 0.5 18820 25348 77 97 2 22 0 2
"1320" 79 24 2 "शॉट" 0.5 6 6 2 2 3 22 1 1
"1321" 79 25 4 "फिल्माए" 1.5 1 2 1 1 7 25 0 1
"1322" 79 26 2 "गए" 0 960 7560 1 2 2 25 0 0
"1323" 79 27 1 "।" 0 19415 18846 268 1871 1 25 0 0
